time,temperature_2m,relative_humidity_2m,pressure_msl,cloudcover,windspeed_10m,winddirection_10m,precipitation
2023-01-01T00:00,23.8,90,1014.4,2,35.3,36,0.0
2023-01-01T01:00,23.6,91,1014.8,1,36.7,33,0.0
2023-01-01T02:00,23.6,92,1014.7,1,37.6,29,0.0
2023-01-01T03:00,23.5,92,1014.3,6,37.8,25,0.0
2023-01-01T04:00,23.4,92,1014.0,6,35.9,24,0.0
2023-01-01T05:00,23.3,93,1013.4,1,32.7,27,0.0
2023-01-01T06:00,23.2,93,1013.4,1,31.7,28,0.0
2023-01-01T07:00,23.1,93,1013.8,2,31.9,27,0.0
2023-01-01T08:00,23.1,92,1014.1,3,29.9,26,0.0
2023-01-01T09:00,23.1,92,1014.3,1,28.7,28,0.0
2023-01-01T10:00,23.0,92,1014.5,0,27.5,34,0.0
2023-01-01T11:00,23.1,91,1014.9,0,29.3,37,0.0
2023-01-01T12:00,23.4,92,1015.5,0,28.5,43,0.0
2023-01-01T13:00,23.5,92,1015.6,0,31.6,46,0.0
2023-01-01T14:00,23.5,92,1015.3,0,33.1,48,0.0
2023-01-01T15:00,23.6,92,1014.7,0,34.0,51,0.0
2023-01-01T16:00,23.6,92,1014.0,0,34.1,52,0.0
2023-01-01T17:00,23.9,91,1013.6,1,34.2,50,0.0
2023-01-01T18:00,24.0,90,1013.4,4,33.9,47,0.0
2023-01-01T19:00,24.0,90,1013.0,4,33.9,45,0.0
2023-01-01T20:00,24.0,90,1012.6,5,33.4,44,0.0
2023-01-01T21:00,24.0,91,1012.4,9,34.4,41,0.0
2023-01-01T22:00,23.8,93,1012.6,31,36.2,42,0.0
2023-01-01T23:00,23.7,92,1013.1,30,36.5,41,0.0
2023-01-02T00:00,23.8,93,1013.0,6,37.4,36,0.0
2023-01-02T01:00,23.6,94,1013.7,91,37.0,31,0.0
2023-01-02T02:00,23.5,94,1014.3,28,36.4,27,0.0
2023-01-02T03:00,23.4,93,1013.6,43,36.2,28,0.0
2023-01-02T04:00,23.4,92,1013.2,89,35.8,22,0.0
2023-01-02T05:00,23.2,92,1012.0,88,35.6,23,0.0
2023-01-02T06:00,23.3,91,1011.2,100,34.5,25,0.0
2023-01-02T07:00,23.2,92,1011.0,99,38.3,26,0.0
2023-01-02T08:00,23.2,91,1010.8,96,38.5,21,0.0
2023-01-02T09:00,23.1,92,1010.8,100,36.4,21,0.0
2023-01-02T10:00,23.2,91,1010.7,100,36.9,27,0.0
2023-01-02T11:00,23.2,91,1010.7,100,37.5,28,0.0
2023-01-02T12:00,23.7,90,1010.7,96,40.8,29,0.0
2023-01-02T13:00,23.8,90,1010.4,94,42.9,30,0.0
2023-01-02T14:00,24.0,89,1009.6,76,45.0,32,0.0
2023-01-02T15:00,24.1,88,1008.9,79,45.3,33,0.0
2023-01-02T16:00,24.2,89,1007.9,80,45.1,32,0.0
2023-01-02T17:00,24.0,90,1007.3,58,45.3,32,0.0
2023-01-02T18:00,24.1,91,1006.7,57,43.8,31,0.0
2023-01-02T19:00,24.1,91,1006.0,46,45.8,30,0.0
2023-01-02T20:00,24.0,91,1005.4,29,44.8,30,0.0
2023-01-02T21:00,24.0,91,1005.1,49,44.2,30,0.0
2023-01-02T22:00,24.0,91,1005.2,23,44.5,30,0.0
2023-01-02T23:00,24.0,90,1005.8,47,43.8,27,0.0
2023-01-03T00:00,24.1,91,1006.3,100,41.9,25,0.0
2023-01-03T01:00,24.0,92,1006.6,100,43.7,23,0.0
2023-01-03T02:00,23.9,92,1006.4,83,40.8,21,0.0
2023-01-03T03:00,23.9,92,1006.0,76,34.8,14,0.0
2023-01-03T04:00,23.8,93,1005.2,52,33.0,14,0.0
2023-01-03T05:00,23.7,93,1004.9,63,29.2,10,0.0
2023-01-03T06:00,23.6,93,1004.5,15,25.3,4,0.0
2023-01-03T07:00,23.4,94,1004.7,22,14.6,344,0.0
2023-01-03T08:00,23.1,96,1005.5,32,8.3,272,0.0
2023-01-03T09:00,23.4,94,1006.5,40,13.6,217,0.0
2023-01-03T10:00,23.5,91,1007.2,41,18.7,191,0.0
2023-01-03T11:00,23.6,89,1008.0,25,19.4,191,0.0
2023-01-03T12:00,24.0,89,1008.5,70,23.4,223,0.0
2023-01-03T13:00,23.6,90,1008.9,39,25.9,219,0.0
2023-01-03T14:00,23.7,90,1008.8,96,28.7,213,0.0
2023-01-03T15:00,23.5,90,1009.1,77,28.7,213,0.0
2023-01-03T16:00,23.5,88,1008.6,46,28.8,206,0.0
2023-01-03T17:00,23.6,88,1008.1,30,25.5,193,0.0
2023-01-03T18:00,23.9,84,1007.8,59,22.4,185,0.0
2023-01-03T19:00,24.0,83,1008.2,100,23.5,184,0.0
2023-01-03T20:00,23.9,84,1008.0,100,23.5,169,0.0
2023-01-03T21:00,23.9,83,1008.8,100,20.6,168,0.0
2023-01-03T22:00,23.8,80,1009.2,100,19.8,182,0.0
2023-01-03T23:00,23.9,80,1010.1,100,15.6,195,0.0
2023-01-04T00:00,23.6,78,1010.9,94,22.3,211,0.0
2023-01-04T01:00,23.2,80,1011.5,100,23.9,224,0.0
2023-01-04T02:00,23.0,81,1011.1,100,26.0,221,0.0
2023-01-04T03:00,22.6,82,1010.8,100,22.3,232,0.0
2023-01-04T04:00,22.3,85,1010.3,100,23.2,234,0.0
2023-01-04T05:00,22.0,86,1009.8,100,22.4,233,0.0
2023-01-04T06:00,22.0,85,1009.5,100,23.9,233,0.0
2023-01-04T07:00,22.0,85,1009.4,100,25.8,230,0.0
2023-01-04T08:00,21.9,85,1009.6,100,23.1,236,0.0
2023-01-04T09:00,21.6,87,1010.6,100,24.0,237,0.4
2023-01-04T10:00,21.3,87,1011.1,100,23.5,243,1.0
2023-01-04T11:00,21.0,85,1011.5,100,24.8,246,1.3
2023-01-04T12:00,21.0,83,1012.0,100,24.1,243,2.1
2023-01-04T13:00,21.0,84,1012.3,100,20.0,252,1.5
2023-01-04T14:00,21.0,86,1012.4,100,19.7,242,1.3
2023-01-04T15:00,21.2,86,1012.4,100,19.6,244,0.0
2023-01-04T16:00,22.1,82,1011.8,100,16.4,230,0.0
2023-01-04T17:00,22.5,79,1011.4,98,19.0,209,0.0
2023-01-04T18:00,22.2,83,1011.3,94,19.6,197,0.0
2023-01-04T19:00,22.1,85,1011.2,28,21.1,197,0.0
2023-01-04T20:00,22.4,84,1011.1,86,19.1,196,0.0
2023-01-04T21:00,22.7,84,1011.3,45,18.3,196,0.0
2023-01-04T22:00,23.0,82,1011.9,14,17.0,193,0.0
2023-01-04T23:00,23.2,80,1012.6,55,11.9,177,0.0
2023-01-05T00:00,23.0,85,1013.3,18,9.0,182,0.0
2023-01-05T01:00,23.0,82,1014.0,0,10.9,163,0.0
2023-01-05T02:00,23.1,78,1014.1,0,9.8,172,0.0
2023-01-05T03:00,22.9,77,1014.1,0,8.7,197,0.0
2023-01-05T04:00,22.4,81,1013.8,2,8.7,218,0.0
2023-01-05T05:00,21.9,91,1013.3,13,7.9,240,0.0
2023-01-05T06:00,21.4,98,1013.2,25,9.3,254,0.0
2023-01-05T07:00,20.9,100,1013.1,100,9.1,261,0.0
2023-01-05T08:00,20.5,100,1013.3,44,10.1,264,0.0
2023-01-05T09:00,20.3,98,1013.9,58,10.6,260,0.0
2023-01-05T10:00,20.2,98,1014.2,86,9.3,254,0.0
2023-01-05T11:00,20.2,96,1014.7,100,9.4,247,0.0
2023-01-05T12:00,21.1,95,1015.8,91,10.0,249,0.0
2023-01-05T13:00,21.4,91,1016.2,32,9.1,236,0.0
2023-01-05T14:00,21.5,90,1016.5,1,8.8,215,0.0
2023-01-05T15:00,21.8,86,1016.5,0,11.3,197,0.0
2023-01-05T16:00,21.9,85,1016.4,0,11.6,187,0.0
2023-01-05T17:00,22.2,86,1016.2,1,11.6,173,0.0
2023-01-05T18:00,22.9,81,1016.1,0,12.3,148,0.0
2023-01-05T19:00,23.4,75,1015.7,0,14.3,131,0.0
2023-01-05T20:00,23.5,74,1015.3,0,15.7,127,0.0
2023-01-05T21:00,23.6,74,1015.5,0,15.8,125,0.0
2023-01-05T22:00,23.6,74,1015.8,0,15.5,118,0.0
2023-01-05T23:00,23.5,77,1016.4,0,14.0,116,0.0
2023-01-06T00:00,22.7,82,1017.4,0,11.3,121,0.0
2023-01-06T01:00,22.7,81,1018.2,0,10.6,118,0.0
2023-01-06T02:00,22.6,82,1018.4,0,10.1,117,0.0
2023-01-06T03:00,22.4,83,1018.1,3,8.4,115,0.0
2023-01-06T04:00,22.1,83,1017.8,22,9.2,111,0.0
2023-01-06T05:00,22.0,84,1017.1,12,8.8,109,0.0
2023-01-06T06:00,22.0,85,1017.0,13,8.4,110,0.0
2023-01-06T07:00,22.0,86,1017.0,16,6.0,107,0.0
2023-01-06T08:00,22.1,82,1017.3,33,3.4,108,0.0
2023-01-06T09:00,22.0,82,1017.9,28,3.6,217,0.0
2023-01-06T10:00,22.0,79,1018.6,42,8.4,220,0.0
2023-01-06T11:00,21.8,79,1019.2,51,9.0,175,0.0
2023-01-06T12:00,22.4,78,1019.9,47,13.7,153,0.1
2023-01-06T13:00,22.9,73,1020.5,5,15.3,135,0.0
2023-01-06T14:00,23.1,68,1020.8,1,17.1,136,0.0
2023-01-06T15:00,23.4,67,1020.9,0,13.2,137,0.0
2023-01-06T16:00,23.5,70,1020.7,0,18.0,127,0.0
2023-01-06T17:00,23.5,72,1020.5,3,20.8,120,0.0
2023-01-06T18:00,23.8,70,1020.3,0,18.3,122,0.0
2023-01-06T19:00,23.8,70,1019.9,2,21.6,120,0.0
2023-01-06T20:00,23.6,70,1019.7,16,22.3,121,0.0
2023-01-06T21:00,23.6,70,1019.9,21,20.0,116,0.0
2023-01-06T22:00,23.6,71,1020.5,14,20.2,109,0.0
2023-01-06T23:00,23.5,71,1021.1,14,21.1,107,0.0
2023-01-07T00:00,23.3,72,1022.1,10,19.2,118,0.0
2023-01-07T01:00,23.2,72,1022.7,26,18.9,111,0.0
2023-01-07T02:00,23.0,73,1022.7,27,17.7,107,0.0
2023-01-07T03:00,22.9,74,1022.3,27,16.6,108,0.0
2023-01-07T04:00,22.9,69,1021.5,10,16.8,113,0.0
2023-01-07T05:00,22.8,69,1020.9,33,16.8,113,0.0
2023-01-07T06:00,22.6,69,1020.5,100,15.0,111,0.0
2023-01-07T07:00,22.6,69,1020.3,100,12.3,111,0.0
2023-01-07T08:00,22.8,68,1020.5,46,11.6,112,0.0
2023-01-07T09:00,22.6,70,1020.9,62,14.7,115,0.0
2023-01-07T10:00,22.4,74,1021.5,36,19.0,117,0.0
2023-01-07T11:00,22.4,75,1022.5,22,18.2,108,0.0
2023-01-07T12:00,22.9,70,1023.1,9,15.5,94,0.0
2023-01-07T13:00,23.0,70,1023.5,34,17.3,94,0.0
2023-01-07T14:00,23.1,69,1023.6,35,16.6,92,0.1
2023-01-07T15:00,23.5,68,1023.2,14,16.8,99,0.0
2023-01-07T16:00,23.5,65,1022.8,5,17.9,99,0.0
2023-01-07T17:00,23.6,66,1022.4,3,18.1,97,0.0
2023-01-07T18:00,23.9,66,1021.8,12,17.4,103,0.0
2023-01-07T19:00,23.0,76,1021.3,8,24.8,118,0.0
2023-01-07T20:00,23.0,76,1021.0,13,21.3,114,0.0
2023-01-07T21:00,23.2,74,1020.9,20,18.4,107,0.0
2023-01-07T22:00,23.4,72,1020.9,21,16.9,106,0.0
2023-01-07T23:00,23.2,73,1020.9,17,16.3,108,0.0
2023-01-08T00:00,23.0,73,1021.6,13,13.4,121,0.0
2023-01-08T01:00,23.0,73,1021.9,32,12.7,119,0.0
2023-01-08T02:00,23.0,73,1021.7,21,13.8,110,0.0
2023-01-08T03:00,22.9,73,1021.3,14,15.0,100,0.0
2023-01-08T04:00,22.9,74,1020.6,15,17.0,94,0.0
2023-01-08T05:00,22.8,72,1019.7,9,15.1,89,0.0
2023-01-08T06:00,22.8,68,1019.1,4,12.8,80,0.0
2023-01-08T07:00,22.6,67,1019.0,11,8.6,68,0.0
2023-01-08T08:00,22.6,65,1019.2,15,3.6,6,0.0
2023-01-08T09:00,22.1,73,1019.6,66,8.8,279,0.0
2023-01-08T10:00,21.4,88,1020.5,43,11.0,238,0.0
2023-01-08T11:00,21.4,81,1021.2,33,10.1,174,0.0
2023-01-08T12:00,22.0,78,1021.2,35,8.7,128,0.0
2023-01-08T13:00,22.2,77,1021.5,37,9.7,135,0.0
2023-01-08T14:00,22.0,79,1021.7,37,11.8,121,0.0
2023-01-08T15:00,22.1,79,1021.5,27,13.7,108,0.0
2023-01-08T16:00,22.5,76,1020.8,16,16.1,100,0.0
2023-01-08T17:00,22.6,76,1020.1,19,18.1,96,0.0
2023-01-08T18:00,22.7,76,1019.5,28,18.8,93,0.0
2023-01-08T19:00,23.0,74,1018.9,23,18.4,93,0.0
2023-01-08T20:00,23.3,73,1018.4,21,19.1,94,0.0
2023-01-08T21:00,23.5,70,1018.3,23,18.4,91,0.0
2023-01-08T22:00,23.5,71,1018.2,58,20.6,85,0.0
2023-01-08T23:00,23.3,73,1018.6,24,21.3,84,0.0
2023-01-09T00:00,23.3,72,1019.0,11,20.3,96,0.0
2023-01-09T01:00,23.2,71,1019.4,15,19.8,88,0.0
2023-01-09T02:00,23.1,72,1019.2,28,18.8,83,0.0
2023-01-09T03:00,23.1,72,1018.7,11,17.2,74,0.0
2023-01-09T04:00,23.0,72,1018.0,15,16.9,61,0.0
2023-01-09T05:00,22.9,72,1017.4,18,15.8,45,0.0
2023-01-09T06:00,22.8,73,1016.9,37,15.1,33,0.0
2023-01-09T07:00,22.6,73,1016.4,34,14.8,23,0.0
2023-01-09T08:00,22.4,75,1016.5,19,13.4,14,0.0
2023-01-09T09:00,22.3,76,1016.6,10,10.9,6,0.0
2023-01-09T10:00,22.2,76,1016.9,3,7.2,354,0.0
2023-01-09T11:00,22.2,77,1017.3,7,5.0,339,0.0
2023-01-09T12:00,23.0,72,1017.8,2,5.3,28,0.0
2023-01-09T13:00,23.1,72,1018.1,6,7.8,34,0.0
2023-01-09T14:00,23.4,71,1018.0,9,10.5,41,0.0
2023-01-09T15:00,23.5,70,1017.5,10,13.1,53,0.0
2023-01-09T16:00,23.8,70,1016.6,8,17.9,71,0.0
2023-01-09T17:00,24.0,69,1016.2,10,22.0,75,0.0
2023-01-09T18:00,24.0,68,1015.8,8,21.1,65,0.0
2023-01-09T19:00,24.0,69,1015.1,5,22.1,68,0.0
2023-01-09T20:00,24.1,69,1014.6,5,22.6,68,0.0
2023-01-09T21:00,24.0,69,1014.7,3,20.7,67,0.0
2023-01-09T22:00,24.1,69,1015.1,16,20.0,64,0.0
2023-01-09T23:00,24.1,69,1015.5,21,20.6,57,0.0
2023-01-10T00:00,23.6,71,1016.0,16,19.3,69,0.0
2023-01-10T01:00,23.5,72,1016.3,10,19.7,55,0.0
2023-01-10T02:00,23.6,71,1016.3,17,20.9,36,0.0
2023-01-10T03:00,23.8,71,1016.1,49,22.2,20,0.0
2023-01-10T04:00,23.6,72,1015.2,99,22.4,15,0.0
2023-01-10T05:00,23.6,72,1014.4,100,21.2,10,0.0
2023-01-10T06:00,23.5,73,1013.9,100,22.8,5,0.0
2023-01-10T07:00,23.4,74,1013.7,99,24.7,8,0.0
2023-01-10T08:00,23.3,76,1013.6,98,24.4,16,0.0
2023-01-10T09:00,23.4,76,1013.7,54,25.1,25,0.0
2023-01-10T10:00,23.5,76,1014.2,3,24.5,26,0.0
2023-01-10T11:00,23.4,77,1014.5,58,25.9,29,0.0
2023-01-10T12:00,23.9,77,1015.1,25,22.7,36,0.0
2023-01-10T13:00,23.9,78,1015.3,41,24.9,37,0.0
2023-01-10T14:00,24.1,76,1015.1,63,26.7,43,0.0
2023-01-10T15:00,24.1,78,1015.0,88,28.3,50,0.0
2023-01-10T16:00,24.2,78,1014.6,85,29.4,50,0.0
2023-01-10T17:00,24.5,78,1013.7,100,29.8,45,0.0
2023-01-10T18:00,24.4,79,1013.0,94,32.6,41,0.1
2023-01-10T19:00,24.3,79,1012.6,93,32.3,46,0.0
2023-01-10T20:00,24.0,81,1012.7,100,31.3,45,0.0
2023-01-10T21:00,24.4,79,1012.9,100,30.6,42,0.0
2023-01-10T22:00,24.5,80,1013.1,81,31.8,31,0.0
2023-01-10T23:00,24.2,82,1013.3,91,32.7,24,0.0
2023-01-11T00:00,24.3,81,1014.6,100,23.7,28,0.0
2023-01-11T01:00,24.2,83,1014.6,100,25.6,26,0.3
2023-01-11T02:00,23.4,85,1014.7,100,28.6,17,1.0
2023-01-11T03:00,23.4,86,1014.0,100,25.4,18,0.0
2023-01-11T04:00,23.6,85,1013.0,100,27.2,15,0.0
2023-01-11T05:00,23.5,85,1012.3,100,28.7,25,0.0
2023-01-11T06:00,23.4,86,1011.7,100,31.1,27,0.0
2023-01-11T07:00,23.2,89,1011.4,100,33.7,30,0.0
2023-01-11T08:00,23.4,88,1011.5,100,32.4,29,0.0
2023-01-11T09:00,23.6,87,1012.2,100,27.4,27,0.0
2023-01-11T10:00,23.6,86,1012.8,67,26.6,25,0.0
2023-01-11T11:00,23.5,87,1012.8,25,28.3,27,0.0
2023-01-11T12:00,23.6,87,1012.5,0,23.6,16,0.0
2023-01-11T13:00,23.7,87,1012.4,43,19.9,13,0.0
2023-01-11T14:00,23.9,88,1012.0,59,15.8,27,0.0
2023-01-11T15:00,23.6,93,1011.8,49,16.3,43,0.0
2023-01-11T16:00,23.9,94,1011.8,36,11.6,36,0.0
2023-01-11T17:00,24.2,93,1011.3,44,6.9,43,0.0
2023-01-11T18:00,24.1,95,1010.7,68,4.1,45,0.0
2023-01-11T19:00,24.4,84,1010.3,81,2.3,39,0.0
2023-01-11T20:00,24.4,83,1010.1,65,2.6,74,0.0
2023-01-11T21:00,24.5,85,1009.9,45,5.4,86,0.0
2023-01-11T22:00,24.5,90,1010.1,19,6.4,27,0.0
2023-01-11T23:00,24.1,96,1010.5,25,7.7,11,0.0
2023-01-12T00:00,24.2,93,1011.4,31,8.2,61,0.0
2023-01-12T01:00,24.2,93,1012.1,89,9.8,54,0.0
2023-01-12T02:00,24.2,92,1012.3,90,11.7,43,0.0
2023-01-12T03:00,24.1,93,1011.8,29,10.6,28,0.0
2023-01-12T04:00,24.0,94,1011.0,84,11.6,26,0.0
2023-01-12T05:00,23.9,95,1010.1,100,12.9,23,0.0
2023-01-12T06:00,23.8,94,1009.4,100,13.1,21,0.0
2023-01-12T07:00,23.6,95,1009.0,100,14.2,24,0.0
2023-01-12T08:00,23.7,94,1008.9,100,14.8,23,0.0
2023-01-12T09:00,23.6,95,1009.2,100,13.6,17,0.0
2023-01-12T10:00,23.0,98,1009.4,100,10.8,26,0.0
2023-01-12T11:00,23.1,98,1009.7,100,11.6,36,0.0
2023-01-12T12:00,23.5,97,1009.2,100,10.5,31,0.0
2023-01-12T13:00,23.2,99,1009.3,14,10.4,34,0.0
2023-01-12T14:00,23.5,98,1009.3,4,16.0,44,0.0
2023-01-12T15:00,24.0,95,1008.9,2,21.1,46,0.0
2023-01-12T16:00,24.3,93,1008.5,0,21.9,46,0.0
2023-01-12T17:00,24.4,93,1007.6,4,22.2,50,0.0
2023-01-12T18:00,24.5,93,1007.3,23,23.2,49,0.0
2023-01-12T19:00,24.6,92,1007.1,64,21.0,52,0.0
2023-01-12T20:00,24.7,92,1006.6,66,21.0,51,0.0
2023-01-12T21:00,24.6,92,1007.0,92,22.4,48,0.0
2023-01-12T22:00,24.6,93,1007.5,100,24.2,48,0.0
2023-01-12T23:00,24.6,93,1007.9,100,23.9,46,0.0
2023-01-13T00:00,24.5,94,1008.2,100,22.4,46,0.0
2023-01-13T01:00,24.5,94,1008.8,100,24.9,39,0.0
2023-01-13T02:00,24.5,95,1008.8,100,24.2,37,0.0
2023-01-13T03:00,24.4,94,1008.4,100,23.6,38,0.0
2023-01-13T04:00,24.4,94,1008.1,100,23.6,38,0.0
2023-01-13T05:00,24.5,93,1007.9,100,24.3,35,0.0
2023-01-13T06:00,24.4,93,1007.4,99,24.3,35,0.0
2023-01-13T07:00,24.4,93,1006.9,88,25.8,33,0.0
2023-01-13T08:00,24.3,93,1007.1,97,24.5,28,0.0
2023-01-13T09:00,24.2,94,1007.5,35,22.9,28,0.0
2023-01-13T10:00,24.2,93,1008.0,76,23.2,28,0.0
2023-01-13T11:00,24.4,93,1008.3,29,22.5,27,0.0
2023-01-13T12:00,25.0,93,1008.4,17,25.0,28,0.0
2023-01-13T13:00,25.0,94,1008.4,100,27.2,37,0.0
2023-01-13T14:00,25.3,92,1008.1,100,31.2,39,0.0
2023-01-13T15:00,25.3,93,1007.6,100,30.7,40,0.0
2023-01-13T16:00,25.1,94,1006.7,42,31.3,44,0.0
2023-01-13T17:00,25.4,93,1006.2,47,32.7,40,0.0
2023-01-13T18:00,25.4,93,1006.1,60,30.8,43,0.0
2023-01-13T19:00,25.1,95,1005.8,95,29.8,45,0.0
2023-01-13T20:00,25.6,92,1006.0,99,28.3,31,0.0
2023-01-13T21:00,24.8,90,1006.9,100,19.7,18,2.7
2023-01-13T22:00,24.9,90,1007.0,85,12.3,355,0.1
2023-01-13T23:00,24.9,90,1007.5,19,16.6,5,0.1
2023-01-14T00:00,24.3,90,1007.5,26,15.9,274,0.0
2023-01-14T01:00,24.5,88,1008.0,100,14.2,333,0.0
2023-01-14T02:00,24.8,86,1007.8,100,17.1,335,0.0
2023-01-14T03:00,24.5,89,1007.5,98,19.8,360,0.0
2023-01-14T04:00,24.3,91,1007.0,17,24.6,11,0.0
2023-01-14T05:00,24.4,91,1006.4,77,26.2,13,0.0
2023-01-14T06:00,24.9,86,1006.1,72,25.8,15,0.0
2023-01-14T07:00,24.9,87,1005.9,99,22.0,15,0.0
2023-01-14T08:00,24.7,88,1006.0,12,19.2,13,0.0
2023-01-14T09:00,24.6,90,1006.9,20,17.7,12,0.0
2023-01-14T10:00,24.5,91,1007.8,5,15.5,5,0.0
2023-01-14T11:00,24.4,91,1008.4,0,11.5,356,0.0
2023-01-14T12:00,24.6,82,1008.5,0,15.4,237,0.0
2023-01-14T13:00,24.5,85,1009.1,31,14.8,209,0.0
2023-01-14T14:00,23.7,93,1009.4,4,16.3,202,0.0
2023-01-14T15:00,24.9,93,1009.8,24,18.8,197,0.0
2023-01-14T16:00,25.7,90,1009.8,41,26.1,169,0.0
2023-01-14T17:00,25.5,87,1010.4,47,31.5,169,0.0
2023-01-14T18:00,25.2,84,1010.8,69,28.9,170,0.0
2023-01-14T19:00,25.3,83,1010.4,80,26.4,169,0.0
2023-01-14T20:00,25.2,83,1010.3,94,23.9,164,0.0
2023-01-14T21:00,25.3,83,1010.8,89,20.1,165,0.0
2023-01-14T22:00,25.2,84,1011.7,99,15.8,180,0.0
2023-01-14T23:00,25.1,84,1012.4,100,12.6,200,0.0
2023-01-15T00:00,24.5,85,1013.5,100,20.3,213,0.1
2023-01-15T01:00,24.2,88,1014.3,100,18.9,215,0.6
2023-01-15T02:00,24.0,89,1014.6,100,17.0,212,0.7
2023-01-15T03:00,24.0,89,1014.2,100,16.8,211,0.4
2023-01-15T04:00,24.0,88,1013.5,96,14.8,209,0.5
2023-01-15T05:00,23.8,89,1012.9,100,15.0,210,0.2
2023-01-15T06:00,23.6,90,1012.6,100,12.4,206,0.1
2023-01-15T07:00,23.9,89,1012.3,100,9.7,195,0.1
2023-01-15T08:00,24.0,88,1012.8,100,7.9,196,0.1
2023-01-15T09:00,24.1,87,1013.2,100,7.9,180,0.1
2023-01-15T10:00,24.0,88,1013.6,100,8.8,171,0.1
2023-01-15T11:00,23.9,89,1014.2,100,8.9,153,0.4
2023-01-15T12:00,24.1,86,1014.5,100,6.9,186,2.5
2023-01-15T13:00,23.7,88,1014.7,100,12.6,207,6.9
2023-01-15T14:00,23.7,88,1014.8,100,13.1,196,0.1
2023-01-15T15:00,23.8,86,1014.6,100,15.0,197,0.0
2023-01-15T16:00,23.9,88,1014.1,100,20.8,203,0.0
2023-01-15T17:00,24.6,84,1013.9,100,25.5,196,0.0
2023-01-15T18:00,24.5,88,1013.5,100,31.7,182,0.1
2023-01-15T19:00,24.5,88,1013.5,82,32.1,183,0.0
2023-01-15T20:00,24.6,86,1013.1,97,31.7,179,0.0
2023-01-15T21:00,24.7,85,1012.9,100,30.2,171,0.0
2023-01-15T22:00,24.8,85,1013.5,100,25.7,165,0.0
2023-01-15T23:00,24.9,85,1013.9,100,23.4,166,0.0
2023-01-16T00:00,24.6,83,1015.4,96,23.1,149,0.0
2023-01-16T01:00,24.8,82,1015.5,100,20.9,139,0.1
2023-01-16T02:00,24.8,82,1015.5,100,21.1,147,0.0
2023-01-16T03:00,24.7,82,1015.4,100,20.6,144,0.0
2023-01-16T04:00,24.7,82,1014.6,100,17.3,138,0.0
2023-01-16T05:00,24.7,81,1013.6,23,15.9,155,0.0
2023-01-16T06:00,24.7,81,1013.7,46,12.6,149,0.0
2023-01-16T07:00,24.6,80,1013.9,99,8.6,178,0.0
2023-01-16T08:00,24.3,82,1013.5,79,13.9,217,0.0
2023-01-16T09:00,23.9,87,1013.8,100,13.5,226,0.0
2023-01-16T10:00,23.6,90,1014.1,100,13.8,223,0.0
2023-01-16T11:00,23.6,90,1014.6,100,14.0,222,0.0
2023-01-16T12:00,23.9,87,1015.3,100,15.0,228,0.0
2023-01-16T13:00,24.0,86,1015.5,78,16.4,218,0.0
2023-01-16T14:00,24.2,85,1015.5,10,18.7,210,0.0
2023-01-16T15:00,24.4,86,1015.2,16,17.0,201,0.0
2023-01-16T16:00,24.8,84,1015.3,14,15.5,193,0.0
2023-01-16T17:00,25.4,80,1014.6,38,15.1,168,0.0
2023-01-16T18:00,25.8,76,1014.4,30,18.6,139,0.0
2023-01-16T19:00,25.6,78,1014.3,73,20.9,135,0.0
2023-01-16T20:00,25.6,78,1013.6,37,18.0,147,0.0
2023-01-16T21:00,25.6,78,1013.9,98,19.6,144,0.0
2023-01-16T22:00,25.5,79,1014.6,100,19.4,138,0.0
2023-01-16T23:00,25.5,79,1015.0,100,18.1,125,0.0
2023-01-17T00:00,25.1,80,1015.7,100,17.3,132,0.0
2023-01-17T01:00,25.0,83,1016.3,99,15.5,132,0.0
2023-01-17T02:00,25.0,82,1016.4,97,14.5,132,0.0
2023-01-17T03:00,24.7,83,1015.9,57,12.4,144,0.0
2023-01-17T04:00,24.6,84,1015.2,78,11.4,162,0.0
2023-01-17T05:00,24.5,84,1014.8,100,12.2,178,0.0
2023-01-17T06:00,24.5,84,1014.4,95,12.4,188,0.0
2023-01-17T07:00,24.5,84,1014.4,100,12.3,183,0.0
2023-01-17T08:00,24.4,85,1014.7,100,13.8,189,0.0
2023-01-17T09:00,24.3,85,1015.1,100,11.9,194,0.0
2023-01-17T10:00,24.3,85,1015.9,100,10.5,202,0.0
2023-01-17T11:00,24.2,86,1016.3,87,11.8,203,0.0
2023-01-17T12:00,25.2,80,1016.7,75,9.5,205,0.0
2023-01-17T13:00,25.3,80,1017.2,80,10.5,202,0.0
2023-01-17T14:00,25.4,80,1017.4,24,11.3,189,0.0
2023-01-17T15:00,25.3,83,1017.3,30,15.4,164,0.0
2023-01-17T16:00,25.4,84,1016.8,60,21.0,149,0.0
2023-01-17T17:00,25.3,85,1016.4,87,23.0,148,0.0
2023-01-17T18:00,25.0,87,1015.7,95,25.2,146,0.0
2023-01-17T19:00,25.4,84,1015.4,100,21.4,144,0.0
2023-01-17T20:00,25.4,85,1015.2,100,17.6,139,0.0
2023-01-17T21:00,25.2,86,1015.5,100,15.8,139,0.0
2023-01-17T22:00,25.3,86,1015.5,100,16.3,139,0.0
2023-01-17T23:00,25.3,86,1016.1,100,15.8,133,0.0
2023-01-18T00:00,24.9,88,1017.5,100,11.5,134,0.0
2023-01-18T01:00,24.8,89,1018.2,100,8.8,145,0.0
2023-01-18T02:00,24.6,89,1018.4,100,8.2,151,0.0
2023-01-18T03:00,24.5,90,1017.9,100,8.9,133,0.0
2023-01-18T04:00,24.5,88,1017.3,100,8.5,126,0.1
2023-01-18T05:00,24.4,89,1016.5,100,9.2,132,0.1
2023-01-18T06:00,24.4,89,1016.1,100,8.6,112,0.0
2023-01-18T07:00,24.4,89,1016.2,100,6.8,115,0.1
2023-01-18T08:00,24.5,88,1016.3,100,4.5,119,0.1
2023-01-18T09:00,24.5,88,1016.7,100,3.9,146,0.0
2023-01-18T10:00,24.5,88,1017.5,100,3.1,135,0.1
2023-01-18T11:00,24.6,86,1018.2,100,4.4,215,0.2
2023-01-18T12:00,24.9,86,1018.6,100,3.1,45,1.5
2023-01-18T13:00,24.9,86,1018.9,100,0.5,45,0.0
2023-01-18T14:00,24.9,85,1018.9,91,4.3,132,0.1
2023-01-18T15:00,24.9,85,1018.7,47,8.2,131,0.0
2023-01-18T16:00,25.0,85,1018.5,76,11.5,131,0.0
2023-01-18T17:00,25.0,85,1018.1,82,17.4,124,1.3
2023-01-18T18:00,24.1,89,1017.8,70,17.3,132,1.1
2023-01-18T19:00,24.6,86,1017.6,77,16.6,139,0.5
2023-01-18T20:00,25.2,83,1017.0,67,17.4,128,0.1
2023-01-18T21:00,24.0,87,1017.4,100,15.5,136,2.8
2023-01-18T22:00,25.0,83,1017.5,33,11.9,115,0.1
2023-01-18T23:00,25.0,84,1017.8,47,13.3,109,0.0
2023-01-19T00:00,24.5,86,1018.6,100,5.7,72,0.4
2023-01-19T01:00,24.3,88,1018.9,100,3.7,119,0.1
2023-01-19T02:00,23.8,88,1019.0,100,7.2,96,0.8
2023-01-19T03:00,23.1,89,1018.6,91,13.9,80,7.6
2023-01-19T04:00,23.6,87,1017.9,96,10.2,100,2.6
2023-01-19T05:00,23.4,87,1017.5,100,8.4,25,1.1
2023-01-19T06:00,23.4,88,1016.8,100,8.3,355,0.1
2023-01-19T07:00,23.2,89,1016.2,100,4.9,306,0.1
2023-01-19T08:00,23.2,89,1016.2,100,3.1,291,0.0
2023-01-19T09:00,23.4,89,1016.8,100,3.3,283,0.0
2023-01-19T10:00,23.4,89,1017.5,94,4.0,280,0.0
2023-01-19T11:00,23.6,86,1018.0,78,4.7,261,0.0
2023-01-19T12:00,24.2,85,1018.2,100,4.8,48,0.1
2023-01-19T13:00,24.5,84,1018.5,72,8.4,80,0.1
2023-01-19T14:00,24.7,83,1018.4,39,7.9,90,0.0
2023-01-19T15:00,24.7,82,1018.1,67,10.5,84,0.4
2023-01-19T16:00,23.9,85,1017.7,97,19.1,93,0.5
2023-01-19T17:00,23.6,87,1017.5,92,18.9,82,0.0
2023-01-19T18:00,24.4,84,1016.8,95,20.7,77,0.0
2023-01-19T19:00,24.6,82,1016.0,100,19.9,70,0.0
2023-01-19T20:00,24.6,83,1015.4,100,16.1,70,0.0
2023-01-19T21:00,24.8,82,1015.4,97,15.5,65,0.0
2023-01-19T22:00,24.7,83,1015.3,75,15.4,57,0.0
2023-01-19T23:00,25.0,81,1015.6,48,16.8,59,0.0
2023-01-20T00:00,25.0,81,1016.0,95,15.9,57,0.0
2023-01-20T01:00,24.1,85,1016.4,100,16.1,56,0.2
2023-01-20T02:00,23.3,87,1016.4,94,14.0,61,2.2
2023-01-20T03:00,23.5,87,1015.9,100,13.3,38,0.7
2023-01-20T04:00,23.1,87,1015.2,75,11.0,41,1.8
2023-01-20T05:00,23.1,87,1014.4,55,15.9,39,0.5
2023-01-20T06:00,22.9,86,1013.7,47,13.5,46,0.4
2023-01-20T07:00,23.0,85,1013.7,83,12.0,41,0.6
2023-01-20T08:00,23.6,83,1013.4,100,12.1,27,0.0
2023-01-20T09:00,23.9,85,1013.7,60,13.5,25,0.0
2023-01-20T10:00,24.0,85,1013.9,37,13.1,16,0.0
2023-01-20T11:00,23.9,85,1014.1,29,10.5,27,0.0
2023-01-20T12:00,24.4,82,1014.5,32,14.0,18,0.0
2023-01-20T13:00,24.4,82,1014.7,80,6.5,84,0.0
2023-01-20T14:00,24.5,83,1013.4,28,13.7,45,0.0
2023-01-20T15:00,24.4,85,1013.2,3,12.8,68,0.0
2023-01-20T16:00,24.8,84,1012.6,10,20.2,74,0.0
2023-01-20T17:00,24.6,85,1012.2,9,24.3,66,0.0
2023-01-20T18:00,24.9,84,1011.2,26,28.4,52,0.0
2023-01-20T19:00,24.7,85,1010.8,9,26.9,52,0.0
2023-01-20T20:00,25.0,82,1010.5,16,25.0,47,0.0
2023-01-20T21:00,25.0,81,1010.2,28,23.9,46,0.3
2023-01-20T22:00,25.2,80,1010.2,32,25.1,38,0.0
2023-01-20T23:00,25.1,81,1010.5,41,26.1,38,0.0
2023-01-21T00:00,25.6,79,1010.6,39,29.3,44,0.0
2023-01-21T01:00,25.5,79,1010.9,29,30.9,32,0.0
2023-01-21T02:00,25.2,81,1011.0,50,32.1,23,0.0
2023-01-21T03:00,25.1,81,1010.5,60,30.9,12,0.0
2023-01-21T04:00,25.2,80,1009.7,25,29.8,12,0.0
2023-01-21T05:00,25.1,80,1008.9,12,29.1,12,0.0
2023-01-21T06:00,24.7,83,1008.1,42,27.8,17,0.0
2023-01-21T07:00,24.7,85,1008.0,17,27.3,23,0.0
2023-01-21T08:00,24.8,84,1008.0,23,27.1,22,0.0
2023-01-21T09:00,24.7,84,1008.1,59,25.8,25,0.0
2023-01-21T10:00,24.8,84,1008.3,49,25.4,32,0.0
2023-01-21T11:00,24.9,84,1008.5,64,23.0,32,0.0
2023-01-21T12:00,25.4,81,1008.9,5,21.9,33,0.0
2023-01-21T13:00,25.4,81,1008.8,93,24.9,45,0.0
2023-01-21T14:00,25.5,82,1008.6,83,28.1,49,0.0
2023-01-21T15:00,25.6,82,1008.5,61,31.0,52,0.0
2023-01-21T16:00,25.8,82,1007.9,39,31.4,49,0.0
2023-01-21T17:00,25.8,83,1007.4,21,32.6,44,0.0
2023-01-21T18:00,25.8,83,1006.7,7,31.7,40,0.0
2023-01-21T19:00,25.9,84,1006.0,83,32.6,45,0.0
2023-01-21T20:00,26.0,83,1005.8,100,34.8,40,0.0
2023-01-21T21:00,25.9,84,1005.7,99,34.0,40,0.0
2023-01-21T22:00,25.9,84,1006.1,98,34.0,36,0.0
2023-01-21T23:00,25.9,84,1007.0,88,32.4,27,0.0
2023-01-22T00:00,26.0,86,1007.2,93,22.3,23,0.0
2023-01-22T01:00,26.1,85,1007.7,100,24.8,26,0.0
2023-01-22T02:00,26.0,86,1007.6,100,29.8,23,0.1
2023-01-22T03:00,25.8,87,1007.3,100,28.1,13,0.0
2023-01-22T04:00,25.5,86,1006.4,100,23.7,9,0.0
2023-01-22T05:00,25.4,86,1005.5,6,22.9,13,0.0
2023-01-22T06:00,25.4,85,1005.0,77,25.2,9,0.0
2023-01-22T07:00,25.1,88,1004.9,87,22.4,6,0.0
2023-01-22T08:00,25.1,90,1005.3,94,22.5,12,0.0
2023-01-22T09:00,25.3,88,1005.6,100,23.4,14,0.0
2023-01-22T10:00,25.5,86,1006.0,100,25.2,14,0.0
2023-01-22T11:00,25.3,87,1006.2,100,22.5,6,0.0
2023-01-22T12:00,25.1,88,1005.3,100,12.2,358,0.0
2023-01-22T13:00,25.0,88,1005.7,43,3.9,326,0.0
2023-01-22T14:00,24.9,90,1005.9,37,6.2,173,0.0
2023-01-22T15:00,24.6,94,1005.9,74,11.6,187,0.0
2023-01-22T16:00,25.2,93,1005.7,100,15.7,191,0.0
2023-01-22T17:00,25.6,91,1005.2,100,14.8,162,0.0
2023-01-22T18:00,25.7,90,1005.3,100,11.5,178,0.0
2023-01-22T19:00,26.0,89,1005.5,100,8.1,212,0.0
2023-01-22T20:00,26.0,89,1005.4,100,8.1,238,0.0
2023-01-22T21:00,25.9,88,1005.8,100,10.5,239,0.0
2023-01-22T22:00,25.9,86,1006.3,100,9.7,239,0.0
2023-01-22T23:00,25.9,86,1006.9,39,10.2,238,0.0
2023-01-23T00:00,25.2,85,1007.7,19,17.0,249,0.0
2023-01-23T01:00,25.0,88,1008.2,88,13.9,249,0.0
2023-01-23T02:00,24.9,89,1008.4,92,14.2,243,0.0
2023-01-23T03:00,24.6,90,1008.6,87,14.7,253,0.0
2023-01-23T04:00,24.4,91,1008.1,99,14.3,252,0.0
2023-01-23T05:00,24.1,93,1007.5,100,13.9,249,0.0
2023-01-23T06:00,24.0,92,1007.5,100,12.1,243,0.0
2023-01-23T07:00,24.1,91,1007.7,22,10.7,250,0.0
2023-01-23T08:00,24.0,92,1007.9,76,10.8,255,0.0
2023-01-23T09:00,24.0,93,1008.4,100,10.1,253,0.0
2023-01-23T10:00,24.2,90,1009.1,100,11.9,235,0.0
2023-01-23T11:00,24.5,88,1009.5,96,11.5,231,0.0
2023-01-23T12:00,25.2,88,1010.1,0,12.0,213,0.0
2023-01-23T13:00,25.3,88,1010.1,3,10.8,217,0.0
2023-01-23T14:00,25.3,89,1010.1,7,12.4,197,0.0
2023-01-23T15:00,25.2,90,1010.1,16,14.1,184,0.0
2023-01-23T16:00,25.5,89,1009.6,42,12.7,173,0.0
2023-01-23T17:00,25.6,87,1009.4,46,11.6,175,0.0
2023-01-23T18:00,26.0,85,1008.9,56,12.4,163,0.0
2023-01-23T19:00,26.1,84,1008.9,44,13.2,137,0.0
2023-01-23T20:00,26.2,83,1008.9,69,10.2,138,0.0
2023-01-23T21:00,26.2,81,1009.3,97,6.3,156,0.0
2023-01-23T22:00,26.0,81,1009.8,100,5.4,160,0.0
2023-01-23T23:00,26.0,80,1009.9,100,5.9,142,0.0
2023-01-24T00:00,25.1,84,1010.4,51,8.0,297,0.0
2023-01-24T01:00,25.0,84,1010.8,9,3.9,292,0.0
2023-01-24T02:00,24.8,85,1010.7,1,2.8,140,0.0
2023-01-24T03:00,24.6,88,1010.4,0,6.5,90,0.0
2023-01-24T04:00,24.6,88,1009.5,0,6.1,62,0.0
2023-01-24T05:00,24.8,87,1008.9,0,7.0,35,0.0
2023-01-24T06:00,24.8,85,1008.5,1,7.8,22,0.0
2023-01-24T07:00,24.8,85,1008.3,1,9.8,17,0.0
2023-01-24T08:00,24.9,85,1008.4,3,13.1,21,0.0
2023-01-24T09:00,24.9,86,1008.6,2,15.5,18,0.0
2023-01-24T10:00,24.8,87,1009.2,15,16.8,15,0.0
2023-01-24T11:00,24.6,87,1009.4,28,15.7,11,0.0
2023-01-24T12:00,25.1,88,1010.1,10,14.0,18,0.0
2023-01-24T13:00,25.0,88,1010.2,0,12.0,39,0.0
2023-01-24T14:00,25.1,87,1009.9,0,13.4,54,0.0
2023-01-24T15:00,25.5,86,1009.6,0,15.3,60,0.0
2023-01-24T16:00,25.8,85,1009.3,0,16.9,66,0.0
2023-01-24T17:00,26.0,84,1008.8,5,18.5,69,0.0
2023-01-24T18:00,26.2,84,1008.4,8,18.4,67,0.0
2023-01-24T19:00,26.2,84,1008.0,5,20.9,66,0.0
2023-01-24T20:00,26.2,83,1007.9,1,19.7,59,0.0
2023-01-24T21:00,26.2,82,1008.3,2,17.3,54,0.0
2023-01-24T22:00,26.2,83,1008.8,0,17.2,53,0.0
2023-01-24T23:00,26.2,83,1009.3,1,18.4,51,0.0
2023-01-25T00:00,26.0,86,1010.4,1,15.1,57,0.0
2023-01-25T01:00,26.0,86,1011.2,1,14.6,50,0.0
2023-01-25T02:00,26.0,87,1011.6,19,17.1,41,0.0
2023-01-25T03:00,25.9,88,1011.5,11,20.2,35,0.0
2023-01-25T04:00,25.7,89,1011.2,17,21.4,25,0.0
2023-01-25T05:00,25.5,90,1010.6,16,23.4,14,0.0
2023-01-25T06:00,25.6,86,1010.4,3,23.9,12,0.0
2023-01-25T07:00,25.6,86,1010.0,1,26.6,16,0.0
2023-01-25T08:00,25.5,86,1010.0,0,25.7,11,0.0
2023-01-25T09:00,25.5,86,1010.0,0,23.3,8,0.0
2023-01-25T10:00,25.4,86,1010.7,0,19.5,4,0.0
2023-01-25T11:00,25.2,88,1010.8,0,14.2,9,0.0
2023-01-25T12:00,25.6,84,1011.0,0,12.3,21,0.0
2023-01-25T13:00,25.5,85,1011.2,0,11.4,35,0.0
2023-01-25T14:00,25.5,86,1011.0,0,11.5,49,0.0
2023-01-25T15:00,26.0,85,1010.9,0,12.4,60,0.0
2023-01-25T16:00,26.4,85,1010.5,0,14.7,73,0.0
2023-01-25T17:00,26.5,87,1010.4,3,17.2,70,0.0
2023-01-25T18:00,26.6,87,1010.1,9,18.4,64,0.0
2023-01-25T19:00,26.5,87,1009.7,15,20.7,59,0.0
2023-01-25T20:00,26.6,87,1009.4,11,22.0,55,0.0
2023-01-25T21:00,26.6,86,1009.7,9,21.7,48,0.0
2023-01-25T22:00,26.6,86,1010.2,4,21.0,52,0.0
2023-01-25T23:00,26.5,86,1011.0,2,19.9,58,0.0
2023-01-26T00:00,26.3,89,1012.1,8,20.2,59,0.0
2023-01-26T01:00,26.2,85,1012.8,37,22.8,52,0.3
2023-01-26T02:00,26.2,83,1013.0,46,24.8,49,0.1
2023-01-26T03:00,26.3,81,1012.8,26,25.3,40,0.0
2023-01-26T04:00,26.0,83,1012.3,29,28.8,34,0.1
2023-01-26T05:00,25.5,84,1011.6,99,34.1,22,0.1
2023-01-26T06:00,25.9,82,1011.6,100,32.2,22,0.0
2023-01-26T07:00,25.6,83,1011.5,100,32.1,18,0.0
2023-01-26T08:00,25.7,81,1011.6,99,28.7,15,0.0
2023-01-26T09:00,25.7,81,1012.0,97,27.0,16,0.0
2023-01-26T10:00,25.6,81,1012.2,100,27.4,14,0.0
2023-01-26T11:00,25.6,81,1012.5,80,25.5,16,0.0
2023-01-26T12:00,25.9,81,1013.1,100,26.1,26,0.0
2023-01-26T13:00,26.0,81,1013.3,100,27.0,31,0.0
2023-01-26T14:00,26.4,77,1013.0,100,30.3,32,0.0
2023-01-26T15:00,26.1,82,1012.7,97,33.4,37,0.0
2023-01-26T16:00,26.2,83,1012.3,50,35.2,41,0.0
2023-01-26T17:00,26.4,83,1012.0,8,38.5,42,0.0
2023-01-26T18:00,26.3,83,1011.4,30,41.3,42,0.0
2023-01-26T19:00,26.4,82,1010.8,26,41.4,41,0.0
2023-01-26T20:00,26.5,80,1010.6,22,40.5,38,0.0
2023-01-26T21:00,26.6,78,1010.8,50,39.4,36,0.0
2023-01-26T22:00,26.5,79,1011.3,31,39.0,38,0.0
2023-01-26T23:00,26.4,79,1012.1,65,39.9,34,0.0
2023-01-27T00:00,26.4,80,1013.1,100,39.0,28,0.0
2023-01-27T01:00,26.2,80,1013.8,100,39.7,24,0.0
2023-01-27T02:00,26.1,80,1014.0,100,39.3,21,0.0
2023-01-27T03:00,26.0,80,1013.7,99,38.3,18,0.0
2023-01-27T04:00,25.8,79,1013.3,90,37.7,15,0.0
2023-01-27T05:00,25.7,78,1012.7,98,39.2,15,0.0
2023-01-27T06:00,25.5,78,1012.2,97,40.6,15,0.0
2023-01-27T07:00,25.5,75,1012.1,82,39.1,13,0.0
2023-01-27T08:00,25.5,74,1012.3,8,37.6,13,0.0
2023-01-27T09:00,25.5,73,1012.8,1,37.9,12,0.0
2023-01-27T10:00,25.4,73,1013.2,0,36.5,13,0.0
2023-01-27T11:00,25.2,75,1013.2,1,36.8,15,0.0
2023-01-27T12:00,25.8,71,1013.9,10,36.5,15,0.0
2023-01-27T13:00,25.9,72,1013.7,31,40.4,22,0.0
2023-01-27T14:00,25.9,74,1013.3,9,41.2,27,0.0
2023-01-27T15:00,26.3,70,1013.2,2,42.7,29,0.0
2023-01-27T16:00,26.2,71,1012.8,10,43.2,32,0.0
2023-01-27T17:00,26.2,71,1012.6,12,42.9,33,0.0
2023-01-27T18:00,26.3,72,1012.0,1,42.0,36,0.0
2023-01-27T19:00,26.2,72,1011.6,3,43.5,37,0.0
2023-01-27T20:00,26.1,73,1011.3,11,42.8,34,0.0
2023-01-27T21:00,26.0,74,1011.5,11,42.1,32,0.0
2023-01-27T22:00,26.0,73,1011.5,0,42.4,32,0.0
2023-01-27T23:00,26.1,72,1011.9,3,41.6,29,0.0
2023-01-28T00:00,26.4,72,1012.3,0,41.3,30,0.0
2023-01-28T01:00,26.1,73,1012.6,0,42.7,29,0.0
2023-01-28T02:00,26.0,72,1012.9,0,43.6,27,0.0
2023-01-28T03:00,25.9,71,1012.9,0,43.4,23,0.0
2023-01-28T04:00,25.7,73,1012.8,0,43.7,21,0.0
2023-01-28T05:00,25.5,73,1012.1,0,42.4,21,0.0
2023-01-28T06:00,25.5,74,1011.8,0,41.8,22,0.0
2023-01-28T07:00,25.4,75,1011.5,0,43.7,23,0.0
2023-01-28T08:00,25.4,75,1011.6,0,44.1,22,0.0
2023-01-28T09:00,25.3,76,1012.0,0,42.6,20,0.0
2023-01-28T10:00,25.4,75,1012.5,0,40.6,21,0.0
2023-01-28T11:00,25.4,76,1012.7,0,40.8,22,0.0
2023-01-28T12:00,25.8,76,1013.0,0,32.8,26,0.0
2023-01-28T13:00,25.6,79,1013.1,0,32.6,31,0.0
2023-01-28T14:00,25.5,82,1013.0,0,33.9,33,0.0
2023-01-28T15:00,25.7,83,1012.7,0,33.9,35,0.0
2023-01-28T16:00,25.9,83,1012.3,0,33.6,35,0.0
2023-01-28T17:00,25.8,84,1011.9,0,32.4,37,0.0
2023-01-28T18:00,25.6,86,1011.5,1,32.6,38,0.0
2023-01-28T19:00,25.8,86,1011.3,23,33.3,36,0.0
2023-01-28T20:00,25.9,86,1010.8,7,34.7,41,0.0
2023-01-28T21:00,26.0,86,1011.1,23,32.6,41,0.0
2023-01-28T22:00,26.0,87,1011.4,29,35.4,35,0.0
2023-01-28T23:00,26.1,86,1012.1,85,36.9,32,0.0
2023-01-29T00:00,26.1,86,1013.6,75,28.7,39,0.0
2023-01-29T01:00,26.1,86,1014.2,100,30.2,36,0.0
2023-01-29T02:00,25.9,87,1014.0,98,33.4,29,0.3
2023-01-29T03:00,25.6,89,1013.8,99,30.8,6,0.1
2023-01-29T04:00,25.0,89,1013.2,100,21.8,352,0.4
2023-01-29T05:00,25.1,87,1011.8,97,22.7,4,0.2
2023-01-29T06:00,25.1,88,1011.0,70,24.8,9,0.0
2023-01-29T07:00,25.1,87,1010.4,100,23.2,12,0.0
2023-01-29T08:00,25.1,88,1010.3,93,23.9,11,0.0
2023-01-29T09:00,25.1,87,1010.6,94,21.5,14,0.0
2023-01-29T10:00,25.2,87,1011.2,37,16.6,13,0.0
2023-01-29T11:00,25.0,89,1011.6,99,10.0,13,0.0
2023-01-29T12:00,24.6,92,1011.8,100,6.4,47,0.0
2023-01-29T13:00,24.5,93,1012.2,75,5.4,53,0.0
2023-01-29T14:00,24.3,93,1012.1,37,3.1,54,0.0
2023-01-29T15:00,24.5,94,1011.5,39,0.0,270,0.0
2023-01-29T16:00,24.9,92,1011.1,69,9.7,138,0.0
2023-01-29T17:00,24.6,93,1010.8,91,14.8,94,0.0
2023-01-29T18:00,24.9,92,1010.8,100,13.2,61,0.0
2023-01-29T19:00,24.4,94,1010.5,99,7.6,8,0.2
2023-01-29T20:00,24.4,92,1009.9,98,3.6,90,0.7
2023-01-29T21:00,24.1,91,1009.8,100,10.9,134,0.0
2023-01-29T22:00,24.4,88,1009.8,100,2.6,124,0.0
2023-01-29T23:00,24.4,89,1010.3,100,2.7,203,0.0
2023-01-30T00:00,24.4,91,1011.5,81,14.5,235,0.0
2023-01-30T01:00,24.0,89,1011.9,100,18.3,234,0.0
2023-01-30T02:00,23.9,87,1011.9,100,17.2,250,0.0
2023-01-30T03:00,23.8,84,1011.5,100,14.3,258,0.0
2023-01-30T04:00,23.7,83,1010.8,100,10.2,252,0.0
2023-01-30T05:00,23.5,83,1010.1,100,4.7,184,0.0
2023-01-30T06:00,23.2,86,1009.6,82,8.4,187,0.0
2023-01-30T07:00,23.0,87,1009.2,0,3.1,201,0.0
2023-01-30T08:00,23.2,86,1009.5,91,2.1,149,0.0
2023-01-30T09:00,23.1,88,1009.9,97,8.4,140,0.0
2023-01-30T10:00,23.1,89,1010.2,27,7.3,171,0.0
2023-01-30T11:00,23.0,89,1010.8,88,9.3,216,0.0
2023-01-30T12:00,23.9,89,1011.3,86,13.2,235,0.0
2023-01-30T13:00,24.0,89,1011.7,59,10.6,215,0.0
2023-01-30T14:00,23.6,93,1011.2,57,11.8,192,0.0
2023-01-30T15:00,23.8,92,1010.8,91,9.5,191,0.0
2023-01-30T16:00,24.2,89,1010.2,100,8.7,138,0.0
2023-01-30T17:00,24.8,84,1010.0,98,8.4,80,0.0
2023-01-30T18:00,25.0,83,1009.5,98,13.7,55,0.0
2023-01-30T19:00,25.2,82,1009.1,100,12.2,47,0.0
2023-01-30T20:00,25.1,82,1008.7,100,11.3,37,0.0
2023-01-30T21:00,25.2,82,1008.7,100,12.3,40,0.0
2023-01-30T22:00,25.1,83,1008.6,100,13.2,29,0.0
2023-01-30T23:00,25.0,86,1009.1,100,16.3,8,0.0
2023-01-31T00:00,24.6,89,1009.3,100,14.3,25,0.0
2023-01-31T01:00,24.6,90,1009.8,96,17.9,34,0.0
2023-01-31T02:00,24.8,90,1009.9,5,19.3,27,0.0
2023-01-31T03:00,24.8,90,1009.6,19,22.9,22,0.0
2023-01-31T04:00,24.7,90,1009.1,20,27.1,19,0.0
2023-01-31T05:00,24.7,90,1008.3,57,28.5,18,0.0
2023-01-31T06:00,24.6,90,1007.7,99,27.8,17,0.0
2023-01-31T07:00,24.5,91,1007.7,99,23.1,11,0.0
2023-01-31T08:00,24.4,91,1007.9,79,21.8,16,0.0
2023-01-31T09:00,24.4,91,1008.0,48,24.1,22,0.0
2023-01-31T10:00,24.5,90,1008.4,100,22.6,17,0.0
2023-01-31T11:00,24.4,90,1008.5,100,17.8,8,0.0
2023-01-31T12:00,24.6,89,1008.7,100,11.2,356,0.0
2023-01-31T13:00,24.5,90,1009.2,100,7.6,5,0.0
2023-01-31T14:00,24.4,92,1009.3,100,7.9,43,0.0
2023-01-31T15:00,24.5,91,1009.0,98,7.4,61,0.0
2023-01-31T16:00,24.8,89,1008.5,100,5.4,70,0.0
2023-01-31T17:00,25.1,89,1008.6,94,7.2,63,0.0
2023-01-31T18:00,24.9,91,1008.7,99,10.9,351,0.0
2023-01-31T19:00,25.4,87,1008.4,70,6.9,313,0.0
2023-01-31T20:00,26.4,79,1008.3,99,12.6,275,0.0
2023-01-31T21:00,26.4,80,1008.5,100,17.7,264,0.0
2023-01-31T22:00,25.6,85,1008.7,100,18.9,257,0.0
2023-01-31T23:00,25.5,86,1009.3,41,14.9,263,0.0
2023-02-01T00:00,25.4,87,1009.8,32,17.6,247,0.0
2023-02-01T01:00,25.1,89,1010.3,100,14.8,257,0.0
2023-02-01T02:00,24.9,90,1010.7,16,10.6,246,0.0
2023-02-01T03:00,24.5,93,1010.3,5,2.9,240,0.0
2023-02-01T04:00,24.5,93,1010.1,1,2.7,113,0.0
2023-02-01T05:00,24.4,92,1009.8,9,8.4,47,0.0
2023-02-01T06:00,24.2,93,1009.4,9,9.9,57,0.0
2023-02-01T07:00,24.2,94,1009.1,5,9.0,74,0.0
2023-02-01T08:00,24.0,94,1009.2,1,6.9,118,0.0
2023-02-01T09:00,24.1,94,1009.6,3,5.4,127,0.0
2023-02-01T10:00,24.2,94,1010.4,1,3.5,156,0.0
2023-02-01T11:00,24.1,93,1010.9,0,4.7,189,0.0
2023-02-01T12:00,24.5,91,1011.5,5,5.1,176,0.0
2023-02-01T13:00,24.4,91,1011.8,0,7.8,202,0.0
2023-02-01T14:00,24.6,90,1011.8,0,10.6,190,0.0
2023-02-01T15:00,24.6,92,1011.7,1,14.8,177,0.0
2023-02-01T16:00,24.3,94,1011.5,10,14.0,181,0.0
2023-02-01T17:00,25.1,90,1011.3,19,11.8,192,0.0
2023-02-01T18:00,25.2,90,1010.9,19,12.4,172,0.0
2023-02-01T19:00,25.5,89,1010.6,16,10.9,172,0.0
2023-02-01T20:00,25.8,89,1010.2,30,11.5,178,0.0
2023-02-01T21:00,25.9,90,1010.3,31,12.3,183,0.0
2023-02-01T22:00,26.0,90,1010.8,36,12.0,189,0.0
2023-02-01T23:00,26.0,90,1011.6,34,7.4,194,0.0
2023-02-02T00:00,25.5,91,1012.4,38,8.8,171,0.0
2023-02-02T01:00,25.2,93,1013.0,29,6.1,183,0.0
2023-02-02T02:00,25.1,93,1012.9,28,7.0,215,0.0
2023-02-02T03:00,25.0,93,1012.6,22,7.5,235,0.0
2023-02-02T04:00,24.8,94,1012.0,23,9.1,263,0.1
2023-02-02T05:00,24.5,95,1011.6,100,12.0,263,0.2
2023-02-02T06:00,24.4,94,1011.8,42,12.9,257,0.1
2023-02-02T07:00,24.3,93,1011.5,32,12.8,238,0.0
2023-02-02T08:00,24.2,93,1011.6,18,12.2,227,0.0
2023-02-02T09:00,24.2,93,1011.8,7,12.8,212,0.0
2023-02-02T10:00,24.2,93,1012.5,3,13.2,202,0.0
2023-02-02T11:00,24.2,93,1012.8,1,12.1,197,0.0
2023-02-02T12:00,25.3,91,1013.2,9,11.3,187,0.0
2023-02-02T13:00,25.3,91,1013.0,8,12.0,173,0.0
2023-02-02T14:00,25.5,89,1012.6,2,12.1,153,0.0
2023-02-02T15:00,26.0,86,1012.6,8,14.3,124,0.0
2023-02-02T16:00,26.4,84,1012.0,25,16.9,110,0.0
2023-02-02T17:00,26.4,83,1011.5,45,18.4,116,0.0
2023-02-02T18:00,26.6,81,1010.6,22,19.7,111,0.0
2023-02-02T19:00,26.6,81,1010.1,34,20.5,105,0.0
2023-02-02T20:00,26.8,79,1009.6,79,20.0,104,0.0
2023-02-02T21:00,26.8,79,1009.9,78,19.1,93,0.0
2023-02-02T22:00,26.6,79,1010.3,100,16.6,86,0.0
2023-02-02T23:00,26.0,83,1010.7,100,19.5,51,0.0
2023-02-03T00:00,23.8,91,1011.6,100,12.7,15,0.0
2023-02-03T01:00,23.8,91,1011.8,100,4.2,290,3.3
2023-02-03T02:00,23.9,91,1011.9,100,5.1,219,3.1
2023-02-03T03:00,24.0,91,1011.0,100,1.8,90,2.4
2023-02-03T04:00,24.4,90,1010.1,100,9.4,108,3.7
2023-02-03T05:00,24.9,90,1008.8,100,19.2,84,4.3
2023-02-03T06:00,25.0,87,1008.0,100,26.3,88,4.2
2023-02-03T07:00,24.7,90,1007.2,100,22.2,58,5.4
2023-02-03T08:00,24.5,90,1006.6,100,26.0,56,2.4
2023-02-03T09:00,24.9,86,1007.0,100,21.3,34,0.6
2023-02-03T10:00,25.1,87,1007.5,100,17.7,27,0.1
2023-02-03T11:00,25.0,87,1007.3,100,11.4,11,0.0
2023-02-03T12:00,25.0,87,1007.5,100,14.0,215,0.0
2023-02-03T13:00,24.9,88,1007.5,100,12.7,225,0.0
2023-02-03T14:00,24.9,88,1007.2,95,11.5,212,0.0
2023-02-03T15:00,25.0,88,1006.9,91,15.0,215,0.0
2023-02-03T16:00,24.9,89,1006.3,100,13.9,211,0.0
2023-02-03T17:00,24.9,90,1005.8,90,16.3,198,0.0
2023-02-03T18:00,25.1,90,1005.8,81,12.1,207,0.0
2023-02-03T19:00,25.4,88,1006.1,97,10.2,222,0.1
2023-02-03T20:00,25.6,87,1005.3,100,7.9,240,0.0
2023-02-03T21:00,25.5,89,1005.8,55,17.6,255,0.2
2023-02-03T22:00,25.4,88,1006.3,100,22.1,258,0.1
2023-02-03T23:00,25.0,89,1006.4,100,14.5,276,0.4
2023-02-04T00:00,25.0,88,1008.0,94,22.9,222,0.1
2023-02-04T01:00,25.0,85,1007.8,61,16.8,235,0.6
2023-02-04T02:00,24.6,89,1007.8,99,20.7,253,0.0
2023-02-04T03:00,24.5,88,1007.7,100,19.6,257,0.0
2023-02-04T04:00,24.6,87,1007.0,100,20.0,263,0.0
2023-02-04T05:00,24.8,86,1006.5,100,18.4,271,0.0
2023-02-04T06:00,24.8,88,1006.4,100,14.4,283,0.1
2023-02-04T07:00,24.9,88,1006.3,100,11.3,292,0.0
2023-02-04T08:00,25.0,86,1006.5,100,10.7,284,0.4
2023-02-04T09:00,25.0,84,1006.9,84,10.2,288,0.2
2023-02-04T10:00,25.2,82,1007.7,56,11.0,289,0.0
2023-02-04T11:00,25.1,83,1008.5,62,13.1,254,0.0
2023-02-04T12:00,25.4,80,1009.0,12,19.9,225,0.0
2023-02-04T13:00,25.6,78,1009.4,42,26.9,208,0.0
2023-02-04T14:00,25.4,77,1009.4,21,31.7,206,0.0
2023-02-04T15:00,25.1,80,1009.2,8,34.7,203,0.0
2023-02-04T16:00,25.1,81,1009.0,36,35.5,198,0.0
2023-02-04T17:00,25.0,82,1009.1,32,37.0,201,0.0
2023-02-04T18:00,25.0,81,1009.5,54,32.2,204,0.0
2023-02-04T19:00,25.4,78,1009.2,19,30.4,202,0.0
2023-02-04T20:00,25.2,78,1009.2,25,26.6,203,0.0
2023-02-04T21:00,25.2,80,1009.6,49,22.0,215,0.0
2023-02-04T22:00,25.5,76,1010.0,36,21.6,208,0.0
2023-02-04T23:00,25.7,73,1010.6,33,21.2,215,0.0
2023-02-05T00:00,25.0,77,1011.2,27,15.1,213,0.0
2023-02-05T01:00,24.9,78,1011.6,41,19.7,246,0.0
2023-02-05T02:00,24.2,82,1011.7,27,17.9,279,0.0
2023-02-05T03:00,24.4,81,1011.8,32,18.7,270,0.0
2023-02-05T04:00,24.2,80,1011.3,14,15.2,275,0.0
2023-02-05T05:00,24.2,79,1010.7,0,12.6,273,0.0
2023-02-05T06:00,24.2,78,1010.2,0,13.0,276,0.0
2023-02-05T07:00,24.2,77,1010.1,0,11.8,290,0.0
2023-02-05T08:00,24.2,77,1010.1,4,12.5,314,0.0
2023-02-05T09:00,24.4,77,1010.3,14,12.5,321,0.0
2023-02-05T10:00,24.5,77,1011.0,6,12.7,313,0.0
2023-02-05T11:00,24.4,78,1011.6,53,11.6,300,0.0
2023-02-05T12:00,24.5,79,1012.2,86,10.3,295,0.0
2023-02-05T13:00,24.9,71,1012.1,48,3.9,304,0.0
2023-02-05T14:00,25.0,68,1012.0,94,2.6,106,0.0
2023-02-05T15:00,25.0,69,1011.5,97,7.2,96,0.0
2023-02-05T16:00,24.7,69,1010.9,84,11.3,97,0.0
2023-02-05T17:00,24.9,64,1010.2,98,9.7,112,0.0
2023-02-05T18:00,25.7,60,1009.8,90,11.3,143,0.0
2023-02-05T19:00,25.7,59,1009.6,64,9.9,109,0.0
2023-02-05T20:00,26.0,59,1009.2,0,9.0,67,0.0
2023-02-05T21:00,26.4,58,1009.3,4,6.6,131,0.0
2023-02-05T22:00,26.5,56,1009.9,2,3.1,159,0.0
2023-02-05T23:00,26.4,56,1010.4,3,5.4,4,0.0
2023-02-06T00:00,26.0,61,1011.0,0,11.7,18,0.0
2023-02-06T01:00,26.2,62,1011.4,0,12.2,358,0.0
2023-02-06T02:00,26.4,60,1011.8,3,9.3,332,0.0
2023-02-06T03:00,26.1,57,1011.7,1,2.9,277,0.0
2023-02-06T04:00,25.9,58,1011.2,3,1.5,315,0.0
2023-02-06T05:00,25.7,62,1010.7,5,5.1,352,0.0
2023-02-06T06:00,25.5,64,1010.3,1,4.2,340,0.0
2023-02-06T07:00,25.4,66,1010.3,0,4.9,306,0.0
2023-02-06T08:00,25.1,69,1010.5,7,5.9,284,0.0
2023-02-06T09:00,24.6,76,1011.1,6,8.6,255,0.0
2023-02-06T10:00,24.2,84,1011.8,3,10.8,244,0.0
2023-02-06T11:00,24.1,84,1012.4,27,10.8,244,0.0
2023-02-06T12:00,24.1,84,1013.0,2,12.3,238,0.0
2023-02-06T13:00,24.5,78,1013.3,15,11.2,222,0.0
2023-02-06T14:00,24.5,79,1013.4,63,12.7,209,0.0
2023-02-06T15:00,24.8,78,1013.3,81,12.8,202,0.0
2023-02-06T16:00,25.0,76,1013.1,68,12.8,191,0.0
2023-02-06T17:00,25.3,75,1012.7,46,14.1,177,0.0
2023-02-06T18:00,25.5,75,1012.6,56,15.5,183,0.0
2023-02-06T19:00,25.5,75,1012.2,60,15.5,180,0.0
2023-02-06T20:00,25.5,74,1012.0,25,15.1,180,0.0
2023-02-06T21:00,25.5,74,1012.1,34,13.0,178,0.0
2023-02-06T22:00,25.5,72,1012.7,28,10.7,168,0.0
2023-02-06T23:00,25.6,71,1013.6,27,7.0,168,0.0
2023-02-07T00:00,25.5,68,1014.2,17,7.3,213,0.0
2023-02-07T01:00,25.5,67,1014.4,11,4.9,197,0.0
2023-02-07T02:00,25.4,68,1014.6,26,4.9,216,0.0
2023-02-07T03:00,25.4,68,1014.6,44,7.1,246,0.0
2023-02-07T04:00,25.1,69,1014.1,26,9.0,272,0.0
2023-02-07T05:00,24.5,74,1013.3,7,12.4,292,0.0
2023-02-07T06:00,24.2,75,1012.8,2,13.3,303,0.0
2023-02-07T07:00,24.5,69,1012.6,0,9.0,307,0.0
2023-02-07T08:00,24.6,65,1012.9,0,5.4,323,0.0
2023-02-07T09:00,24.6,63,1013.4,0,3.0,14,0.0
2023-02-07T10:00,24.7,66,1014.1,0,7.1,60,0.0
2023-02-07T11:00,24.6,71,1014.4,0,9.1,72,0.0
2023-02-07T12:00,25.3,70,1014.7,0,10.4,44,0.0
2023-02-07T13:00,25.4,71,1015.0,0,8.7,73,0.0
2023-02-07T14:00,25.8,70,1015.0,0,10.1,96,0.0
2023-02-07T15:00,26.1,70,1014.5,4,13.7,93,0.0
2023-02-07T16:00,26.2,69,1014.2,19,13.8,83,0.0
2023-02-07T17:00,26.5,68,1013.8,23,12.4,73,0.0
2023-02-07T18:00,26.4,69,1013.4,21,11.4,79,0.0
2023-02-07T19:00,26.5,69,1013.1,23,13.0,95,0.0
2023-02-07T20:00,26.4,69,1012.8,55,13.5,99,0.0
2023-02-07T21:00,26.4,70,1013.0,37,15.1,90,0.0
2023-02-07T22:00,26.3,70,1013.7,34,16.0,82,0.0
2023-02-07T23:00,26.3,70,1014.3,33,18.1,69,0.0
2023-02-08T00:00,26.5,73,1014.6,33,18.9,76,0.0
2023-02-08T01:00,26.4,75,1015.0,19,19.3,69,0.0
2023-02-08T02:00,26.2,74,1015.3,22,20.0,60,0.0
2023-02-08T03:00,26.2,74,1014.9,25,16.7,37,0.0
2023-02-08T04:00,25.5,73,1014.7,18,22.0,15,0.0
2023-02-08T05:00,25.0,78,1013.9,23,23.2,19,0.1
2023-02-08T06:00,24.9,80,1013.4,11,21.4,25,0.0
2023-02-08T07:00,24.9,80,1013.0,8,21.3,30,0.0
2023-02-08T08:00,25.0,80,1013.2,8,20.8,28,0.0
2023-02-08T09:00,25.1,79,1013.4,5,21.6,28,0.0
2023-02-08T10:00,25.1,79,1013.8,5,22.1,30,0.0
2023-02-08T11:00,25.1,79,1014.1,7,23.5,32,0.0
2023-02-08T12:00,25.7,76,1014.3,4,20.1,43,0.0
2023-02-08T13:00,25.8,77,1014.2,0,20.9,42,0.0
2023-02-08T14:00,25.9,77,1014.0,1,20.9,49,0.0
2023-02-08T15:00,26.1,77,1013.8,7,20.4,48,0.0
2023-02-08T16:00,26.1,77,1013.4,14,22.7,46,0.0
2023-02-08T17:00,26.5,77,1012.9,27,25.1,39,0.0
2023-02-08T18:00,26.0,79,1012.9,47,22.9,48,0.0
2023-02-08T19:00,25.9,81,1012.5,78,22.5,55,0.0
2023-02-08T20:00,25.5,81,1012.3,88,22.2,47,0.2
2023-02-08T21:00,25.7,80,1012.0,89,24.2,44,0.0
2023-02-08T22:00,26.0,78,1012.2,23,25.7,44,0.0
2023-02-08T23:00,25.4,80,1012.9,59,27.8,43,0.1
2023-02-09T00:00,25.4,80,1013.3,58,28.6,48,0.3
2023-02-09T01:00,25.3,80,1014.1,27,32.2,36,0.1
2023-02-09T02:00,25.0,81,1014.4,32,32.4,23,0.0
2023-02-09T03:00,25.0,82,1014.4,42,34.2,18,0.0
2023-02-09T04:00,24.8,84,1014.1,29,35.5,13,0.0
2023-02-09T05:00,24.5,85,1013.3,66,35.4,15,0.0
2023-02-09T06:00,24.6,85,1012.8,75,34.8,16,0.0
2023-02-09T07:00,24.6,84,1012.6,12,34.3,15,0.0
2023-02-09T08:00,24.5,85,1012.6,13,32.1,16,0.0
2023-02-09T09:00,24.6,85,1012.5,5,31.6,21,0.0
2023-02-09T10:00,24.8,85,1012.8,0,33.5,24,0.0
2023-02-09T11:00,25.0,83,1013.2,2,33.8,22,0.0
2023-02-09T12:00,25.4,81,1013.2,3,29.2,22,0.0
2023-02-09T13:00,25.5,82,1013.2,90,28.7,28,0.0
2023-02-09T14:00,25.7,83,1013.4,20,25.8,27,0.0
2023-02-09T15:00,25.7,85,1013.4,19,25.3,30,0.0
2023-02-09T16:00,25.8,85,1012.8,99,28.7,25,0.0
2023-02-09T17:00,26.1,85,1012.3,97,28.2,30,0.0
2023-02-09T18:00,26.4,84,1012.7,100,24.1,22,0.0
2023-02-09T19:00,26.3,85,1012.4,100,23.1,14,0.2
2023-02-09T20:00,26.0,84,1011.9,100,14.8,347,1.2
2023-02-09T21:00,25.2,83,1011.9,100,13.3,2,0.9
2023-02-09T22:00,25.0,87,1012.5,100,19.6,20,0.2
2023-02-09T23:00,25.0,87,1013.0,100,19.6,32,0.0
2023-02-10T00:00,24.0,89,1013.2,100,24.0,17,0.4
2023-02-10T01:00,24.0,86,1014.0,95,13.2,17,0.2
2023-02-10T02:00,24.1,86,1014.3,100,15.4,16,0.0
2023-02-10T03:00,24.4,85,1013.8,100,20.7,20,0.0
2023-02-10T04:00,24.0,88,1013.4,100,29.3,25,0.0
2023-02-10T05:00,23.9,86,1012.8,100,34.7,17,0.0
2023-02-10T06:00,23.8,85,1012.2,96,32.3,17,0.0
2023-02-10T07:00,24.0,85,1011.6,100,32.0,15,0.0
2023-02-10T08:00,24.4,83,1011.5,100,27.3,12,0.0
2023-02-10T09:00,24.6,82,1011.5,100,25.6,20,0.0
2023-02-10T10:00,24.8,81,1012.2,94,23.5,21,0.0
2023-02-10T11:00,24.9,82,1012.9,100,20.7,20,0.0
2023-02-10T12:00,25.1,84,1013.6,100,14.8,23,0.0
2023-02-10T13:00,25.3,82,1013.9,100,11.3,9,0.0
2023-02-10T14:00,25.3,81,1014.0,100,7.3,11,0.0
2023-02-10T15:00,25.5,80,1013.8,100,7.7,11,0.0
2023-02-10T16:00,25.5,80,1013.5,100,8.1,13,0.0
2023-02-10T17:00,25.5,80,1013.1,98,8.4,25,0.0
2023-02-10T18:00,25.6,79,1012.6,55,7.4,39,0.0
2023-02-10T19:00,25.8,80,1011.9,72,8.0,54,0.0
2023-02-10T20:00,25.7,81,1012.0,97,8.4,59,0.0
2023-02-10T21:00,25.6,84,1011.9,100,10.7,42,0.0
2023-02-10T22:00,25.7,87,1012.2,100,14.6,33,0.0
2023-02-10T23:00,25.8,88,1012.4,92,17.2,29,0.0
2023-02-11T00:00,25.6,80,1013.7,50,4.8,42,0.0
2023-02-11T01:00,25.8,85,1014.1,98,8.0,5,0.0
2023-02-11T02:00,25.0,87,1014.3,61,23.1,18,0.4
2023-02-11T03:00,25.0,87,1013.9,55,27.1,14,0.4
2023-02-11T04:00,25.0,86,1013.4,20,26.6,13,0.0
2023-02-11T05:00,25.0,86,1012.7,8,25.5,9,0.0
2023-02-11T06:00,24.9,84,1012.3,1,18.7,1,0.0
2023-02-11T07:00,24.6,86,1012.3,2,16.5,10,0.0
2023-02-11T08:00,24.6,86,1012.3,8,15.2,14,0.0
2023-02-11T09:00,24.6,87,1012.4,9,13.7,23,0.0
2023-02-11T10:00,24.7,84,1012.9,7,15.3,19,0.0
2023-02-11T11:00,24.5,86,1013.5,17,10.4,2,0.0
2023-02-11T12:00,25.1,84,1014.4,17,8.6,338,0.0
2023-02-11T13:00,24.9,86,1014.6,17,3.8,319,0.0
2023-02-11T14:00,24.8,86,1014.3,15,1.6,63,0.0
2023-02-11T15:00,24.8,87,1013.9,10,4.3,90,0.0
2023-02-11T16:00,25.2,85,1013.6,1,7.0,78,0.0
2023-02-11T17:00,25.9,83,1013.0,5,9.1,81,0.0
2023-02-11T18:00,26.4,80,1012.4,8,13.3,71,0.0
2023-02-11T19:00,26.5,79,1012.1,5,18.9,55,0.0
2023-02-11T20:00,26.6,79,1011.9,0,21.0,51,0.0
2023-02-11T21:00,26.6,78,1011.7,0,19.9,45,0.0
2023-02-11T22:00,26.6,78,1011.8,0,17.3,42,0.0
2023-02-11T23:00,26.5,81,1012.5,8,16.5,36,0.0
2023-02-12T00:00,26.2,82,1013.3,32,11.2,86,0.0
2023-02-12T01:00,26.1,82,1013.7,2,9.6,70,0.0
2023-02-12T02:00,26.0,83,1013.7,2,8.7,60,0.0
2023-02-12T03:00,25.9,83,1013.4,3,8.9,40,0.0
2023-02-12T04:00,25.7,85,1012.8,4,10.8,4,0.0
2023-02-12T05:00,25.5,84,1012.3,1,12.2,336,0.0
2023-02-12T06:00,25.5,82,1011.7,5,10.4,340,0.0
2023-02-12T07:00,25.3,82,1011.4,0,10.0,345,0.0
2023-02-12T08:00,24.8,87,1011.5,2,10.8,345,0.0
2023-02-12T09:00,24.4,90,1011.7,2,8.7,336,0.0
2023-02-12T10:00,24.5,87,1012.4,1,5.6,345,0.0
2023-02-12T11:00,24.7,86,1012.9,0,5.4,42,0.0
2023-02-12T12:00,25.2,86,1013.1,0,9.1,56,0.0
2023-02-12T13:00,25.3,87,1013.1,1,12.2,62,0.0
2023-02-12T14:00,25.7,83,1013.1,0,11.8,70,0.0
2023-02-12T15:00,26.1,81,1012.9,0,13.0,71,0.0
2023-02-12T16:00,26.5,80,1012.5,1,14.8,72,0.0
2023-02-12T17:00,26.6,79,1012.1,3,16.6,77,0.0
2023-02-12T18:00,26.6,78,1011.7,7,21.1,73,0.0
2023-02-12T19:00,26.6,79,1011.5,5,22.9,66,0.0
2023-02-12T20:00,26.5,79,1011.2,5,23.2,62,0.0
2023-02-12T21:00,26.5,79,1011.1,10,22.8,55,0.0
2023-02-12T22:00,26.5,80,1011.1,9,23.2,48,0.0
2023-02-12T23:00,26.4,80,1011.6,10,23.4,45,0.0
2023-02-13T00:00,26.1,81,1012.5,16,21.4,54,0.0
2023-02-13T01:00,26.0,81,1012.8,22,23.2,46,0.0
2023-02-13T02:00,26.0,81,1012.8,19,23.3,38,0.0
2023-02-13T03:00,25.9,81,1012.3,9,23.4,29,0.0
2023-02-13T04:00,25.8,82,1011.7,29,23.9,21,0.0
2023-02-13T05:00,25.6,83,1011.0,38,24.4,19,0.0
2023-02-13T06:00,25.5,84,1010.6,37,24.4,19,0.0
2023-02-13T07:00,25.5,84,1010.2,24,24.5,17,0.0
2023-02-13T08:00,25.2,85,1010.2,4,24.0,17,0.0
2023-02-13T09:00,25.1,86,1010.5,1,23.1,18,0.0
2023-02-13T10:00,25.1,85,1010.9,0,22.1,26,0.0
2023-02-13T11:00,25.1,86,1011.3,0,23.5,32,0.0
2023-02-13T12:00,25.6,86,1011.7,0,22.3,31,0.0
2023-02-13T13:00,25.5,87,1011.7,0,24.8,40,0.0
2023-02-13T14:00,25.9,84,1011.7,0,27.2,46,0.0
2023-02-13T15:00,26.0,84,1011.5,0,28.3,47,0.0
2023-02-13T16:00,26.1,85,1011.0,0,28.1,50,0.0
2023-02-13T17:00,26.2,85,1010.5,1,29.2,52,0.0
2023-02-13T18:00,26.4,84,1010.0,5,28.8,48,0.0
2023-02-13T19:00,26.6,83,1009.4,2,29.0,46,0.0
2023-02-13T20:00,26.7,83,1009.0,0,31.6,45,0.0
2023-02-13T21:00,26.6,84,1009.2,1,32.8,39,0.0
2023-02-13T22:00,26.5,86,1009.4,0,35.3,36,0.0
2023-02-13T23:00,26.5,88,1009.9,2,38.4,32,0.0
2023-02-14T00:00,26.5,89,1010.0,2,35.9,33,0.0
2023-02-14T01:00,26.4,89,1010.5,1,36.7,26,0.0
2023-02-14T02:00,26.3,89,1010.4,0,36.5,22,0.0
2023-02-14T03:00,26.2,89,1010.2,1,35.3,17,0.0
2023-02-14T04:00,26.0,90,1009.6,0,33.7,16,0.0
2023-02-14T05:00,25.9,90,1008.6,0,31.9,20,0.0
2023-02-14T06:00,26.0,88,1008.0,0,33.8,22,0.0
2023-02-14T07:00,26.0,88,1007.7,0,33.8,22,0.0
2023-02-14T08:00,25.9,88,1007.7,0,34.4,20,0.0
2023-02-14T09:00,25.8,87,1007.8,0,33.1,17,0.0
2023-02-14T10:00,25.5,88,1008.2,0,30.1,17,0.0
2023-02-14T11:00,25.5,88,1008.3,0,28.5,21,0.0
2023-02-14T12:00,25.4,88,1008.8,0,25.3,24,0.0
2023-02-14T13:00,25.4,89,1008.8,0,26.6,30,0.0
2023-02-14T14:00,25.5,90,1008.6,14,27.3,31,0.0
2023-02-14T15:00,25.7,89,1008.1,100,28.9,33,0.0
2023-02-14T16:00,25.9,88,1007.7,43,29.8,37,0.0
2023-02-14T17:00,26.0,89,1006.8,10,31.3,38,0.0
2023-02-14T18:00,26.1,90,1006.1,16,32.4,37,0.0
2023-02-14T19:00,26.1,91,1006.3,100,32.1,35,0.0
2023-02-14T20:00,26.4,90,1005.9,100,28.6,40,0.0
2023-02-14T21:00,26.4,90,1006.1,100,30.3,37,0.0
2023-02-14T22:00,26.5,89,1006.7,100,29.9,31,0.0
2023-02-14T23:00,26.4,89,1007.2,100,30.1,29,0.0
2023-02-15T00:00,26.0,92,1007.2,100,21.3,28,0.0
2023-02-15T01:00,26.0,93,1007.2,100,19.8,29,0.0
2023-02-15T02:00,25.7,94,1006.8,100,13.0,2,0.0
2023-02-15T03:00,25.5,93,1006.3,100,12.9,306,0.3
2023-02-15T04:00,25.0,83,1005.6,100,28.0,262,0.6
2023-02-15T05:00,24.2,80,1004.7,100,21.6,269,0.0
2023-02-15T06:00,24.0,79,1004.2,100,21.0,257,0.1
2023-02-15T07:00,23.8,81,1004.1,100,20.5,270,0.1
2023-02-15T08:00,23.7,82,1004.1,100,17.2,254,0.0
2023-02-15T09:00,23.5,83,1004.5,100,16.8,247,0.0
2023-02-15T10:00,23.5,83,1005.2,100,16.4,251,0.0
2023-02-15T11:00,23.6,84,1005.6,98,19.0,243,0.0
2023-02-15T12:00,23.9,86,1005.5,96,32.1,237,0.1
2023-02-15T13:00,24.5,84,1006.0,79,32.0,232,0.0
2023-02-15T14:00,24.2,86,1006.0,100,35.7,223,0.0
2023-02-15T15:00,24.5,86,1005.9,100,31.3,218,0.0
2023-02-15T16:00,24.8,86,1005.7,100,28.4,210,0.0
2023-02-15T17:00,25.0,85,1005.2,100,27.7,203,0.0
2023-02-15T18:00,25.2,84,1004.7,100,26.7,201,0.0
2023-02-15T19:00,25.1,84,1004.5,100,23.5,203,0.0
2023-02-15T20:00,25.0,86,1004.3,100,20.5,204,0.0
2023-02-15T21:00,25.0,86,1004.3,100,18.0,206,0.2
2023-02-15T22:00,24.9,88,1004.7,100,14.6,213,0.1
2023-02-15T23:00,25.0,87,1005.1,100,14.2,216,0.0
2023-02-16T00:00,25.3,85,1005.7,100,13.5,196,0.0
2023-02-16T01:00,25.2,84,1006.0,100,7.9,204,0.1
2023-02-16T02:00,24.6,84,1006.1,100,18.8,244,0.2
2023-02-16T03:00,23.8,88,1005.8,93,20.9,246,0.1
2023-02-16T04:00,23.9,87,1005.5,44,18.3,234,0.1
2023-02-16T05:00,24.1,84,1004.9,98,17.4,214,0.1
2023-02-16T06:00,24.2,86,1004.2,47,14.0,215,0.0
2023-02-16T07:00,24.1,86,1003.5,100,15.1,218,0.0
2023-02-16T08:00,23.9,88,1003.6,41,14.8,247,0.0
2023-02-16T09:00,23.9,88,1003.9,94,14.1,251,0.0
2023-02-16T10:00,23.9,88,1004.2,100,14.3,225,0.0
2023-02-16T11:00,23.9,88,1004.5,100,15.3,229,0.0
2023-02-16T12:00,24.0,86,1005.2,97,10.2,222,0.0
2023-02-16T13:00,24.1,85,1005.3,72,7.3,213,0.0
2023-02-16T14:00,24.3,84,1005.2,94,6.6,193,0.0
2023-02-16T15:00,24.4,84,1004.7,99,9.1,173,0.0
2023-02-16T16:00,24.6,83,1004.2,100,7.6,121,0.0
2023-02-16T17:00,24.9,81,1003.4,45,10.5,94,0.0
2023-02-16T18:00,25.2,79,1002.5,64,12.6,90,0.0
2023-02-16T19:00,25.4,79,1002.1,33,12.3,75,0.0
2023-02-16T20:00,25.5,79,1001.7,100,14.7,59,0.0
2023-02-16T21:00,25.4,81,1001.5,100,16.1,56,0.0
2023-02-16T22:00,25.6,80,1001.4,100,20.0,62,0.0
2023-02-16T23:00,25.6,80,1002.1,100,20.4,54,0.0
2023-02-17T00:00,25.4,83,1002.0,100,18.3,54,0.0
2023-02-17T01:00,25.4,83,1002.4,99,20.7,31,0.0
2023-02-17T02:00,25.1,85,1002.5,100,25.5,16,0.0
2023-02-17T03:00,25.1,84,1001.6,100,26.4,24,0.0
2023-02-17T04:00,25.2,83,1000.9,100,31.4,22,0.0
2023-02-17T05:00,25.1,85,1000.2,100,33.8,19,0.0
2023-02-17T06:00,25.2,84,999.8,100,32.4,19,0.0
2023-02-17T07:00,25.4,83,999.4,97,32.5,15,0.0
2023-02-17T08:00,25.2,85,999.5,100,27.5,11,0.0
2023-02-17T09:00,25.2,85,1000.1,100,23.8,4,0.0
2023-02-17T10:00,25.4,84,1001.2,100,19.1,356,0.0
2023-02-17T11:00,25.3,85,1001.9,100,20.2,356,0.0
2023-02-17T12:00,25.7,82,1002.5,100,15.7,307,0.2
2023-02-17T13:00,25.6,83,1003.3,100,18.4,268,1.7
2023-02-17T14:00,25.1,86,1003.9,100,28.5,208,3.8
2023-02-17T15:00,24.6,87,1004.2,100,27.3,193,2.0
2023-02-17T16:00,24.8,87,1004.7,100,21.8,202,0.6
2023-02-17T17:00,24.8,85,1005.1,100,26.2,188,2.6
2023-02-17T18:00,24.8,83,1005.4,100,32.5,185,1.0
2023-02-17T19:00,24.6,82,1005.8,100,36.7,191,1.0
2023-02-17T20:00,24.4,83,1006.1,100,36.0,192,1.3
2023-02-17T21:00,24.6,80,1006.8,100,38.0,186,0.5
2023-02-17T22:00,24.7,80,1007.6,55,36.0,179,0.0
2023-02-17T23:00,24.9,79,1008.3,47,39.6,178,0.0
2023-02-18T00:00,23.9,78,1010.8,100,42.5,181,0.0
2023-02-18T01:00,23.5,81,1012.1,100,41.4,182,0.2
2023-02-18T02:00,23.4,79,1012.7,100,41.4,179,0.2
2023-02-18T03:00,23.0,80,1013.0,100,41.9,184,0.0
2023-02-18T04:00,23.0,75,1012.9,100,42.7,192,0.0
2023-02-18T05:00,23.0,70,1012.7,100,42.7,196,0.0
2023-02-18T06:00,22.5,60,1013.0,100,44.6,204,0.0
2023-02-18T07:00,22.0,59,1013.8,67,43.3,205,0.0
2023-02-18T08:00,21.5,54,1014.6,88,44.9,206,0.0
2023-02-18T09:00,21.2,53,1015.3,49,46.3,209,0.0
2023-02-18T10:00,21.0,55,1016.2,30,44.9,211,0.0
2023-02-18T11:00,20.7,57,1017.1,20,46.0,211,0.0
2023-02-18T12:00,20.1,62,1018.8,14,52.3,211,0.0
2023-02-18T13:00,20.2,58,1019.3,0,50.3,214,0.0
2023-02-18T14:00,20.1,56,1019.8,3,47.1,213,0.0
2023-02-18T15:00,20.0,57,1019.7,29,47.4,209,0.0
2023-02-18T16:00,20.2,59,1019.7,1,46.1,204,0.0
2023-02-18T17:00,20.4,60,1019.7,0,45.1,200,0.0
2023-02-18T18:00,20.9,59,1019.5,7,43.8,196,0.0
2023-02-18T19:00,21.0,61,1019.6,39,40.4,191,0.0
2023-02-18T20:00,21.1,62,1019.7,67,38.4,187,0.0
2023-02-18T21:00,21.3,61,1020.0,22,36.8,184,0.0
2023-02-18T22:00,21.5,60,1020.3,21,35.3,182,0.0
2023-02-18T23:00,21.6,59,1021.0,32,32.9,185,0.0
2023-02-19T00:00,21.5,56,1022.6,64,32.7,188,0.0
2023-02-19T01:00,21.5,54,1023.1,8,31.2,191,0.0
2023-02-19T02:00,21.6,53,1023.2,1,28.4,202,0.0
2023-02-19T03:00,22.0,50,1023.0,4,23.8,209,0.0
2023-02-19T04:00,22.2,48,1022.3,31,19.3,201,0.0
2023-02-19T05:00,21.4,55,1021.3,11,19.4,235,0.0
2023-02-19T06:00,20.1,70,1020.8,5,29.4,259,0.0
2023-02-19T07:00,19.4,71,1020.7,9,31.4,261,0.0
2023-02-19T08:00,18.9,71,1021.0,1,30.8,263,0.0
2023-02-19T09:00,19.0,69,1021.4,0,27.9,263,0.0
2023-02-19T10:00,19.1,67,1022.0,8,28.5,260,0.0
2023-02-19T11:00,19.5,66,1022.3,14,29.4,258,0.0
2023-02-19T12:00,19.6,69,1023.7,18,24.4,248,0.0
2023-02-19T13:00,20.3,68,1024.0,92,24.2,237,0.0
2023-02-19T14:00,20.8,67,1024.0,94,23.0,229,0.0
2023-02-19T15:00,21.4,64,1023.5,75,19.6,223,0.0
2023-02-19T16:00,21.5,65,1022.9,87,20.2,215,0.0
2023-02-19T17:00,21.7,64,1022.4,92,21.1,210,0.0
2023-02-19T18:00,22.5,62,1021.7,99,22.9,202,0.0
2023-02-19T19:00,22.7,63,1021.1,100,22.6,211,0.0
2023-02-19T20:00,22.9,60,1020.4,99,13.2,209,0.0
2023-02-19T21:00,23.0,59,1020.0,87,13.0,208,0.0
2023-02-19T22:00,23.1,63,1020.2,100,18.9,193,0.0
2023-02-19T23:00,23.8,61,1020.3,98,12.9,162,0.0
2023-02-20T00:00,24.2,60,1021.1,100,15.6,97,0.0
2023-02-20T01:00,24.2,58,1021.1,100,7.3,110,0.0
2023-02-20T02:00,22.9,69,1020.9,100,12.1,300,0.1
2023-02-20T03:00,20.8,89,1020.6,100,24.5,294,1.3
2023-02-20T04:00,21.0,84,1019.7,100,18.3,280,1.2
2023-02-20T05:00,21.1,82,1018.8,100,10.9,287,0.9
2023-02-20T06:00,21.2,83,1018.0,100,13.5,261,0.3
2023-02-20T07:00,21.0,84,1017.5,100,15.8,258,0.1
2023-02-20T08:00,21.0,84,1017.3,100,17.9,255,0.0
2023-02-20T09:00,21.0,85,1017.4,100,21.7,243,0.0
2023-02-20T10:00,20.8,91,1017.6,100,22.7,234,0.5
2023-02-20T11:00,21.1,90,1017.8,99,23.7,240,2.9
2023-02-20T12:00,22.2,89,1017.9,100,12.3,187,2.8
2023-02-20T13:00,23.1,87,1017.6,100,16.2,179,22.2
2023-02-20T14:00,23.8,86,1017.0,100,25.5,167,53.0
2023-02-20T15:00,23.9,85,1015.4,100,10.1,182,25.6
2023-02-20T16:00,23.5,88,1015.4,98,13.0,298,0.6
2023-02-20T17:00,23.0,91,1014.7,100,29.5,269,0.3
2023-02-20T18:00,22.8,92,1014.5,100,29.3,264,1.0
2023-02-20T19:00,23.0,90,1013.7,100,27.8,260,2.7
2023-02-20T20:00,23.0,91,1013.0,100,28.2,251,6.3
2023-02-20T21:00,23.0,90,1012.9,100,27.4,267,2.1
2023-02-20T22:00,22.9,90,1012.8,100,29.3,275,0.8
2023-02-20T23:00,23.0,90,1013.0,100,31.9,281,0.5
2023-02-21T00:00,23.5,85,1012.5,100,25.7,318,1.2
2023-02-21T01:00,23.5,83,1012.7,100,30.6,319,0.2
2023-02-21T02:00,23.5,84,1012.3,100,30.1,319,0.2
2023-02-21T03:00,23.0,88,1012.3,100,35.2,311,1.3
2023-02-21T04:00,23.4,90,1011.7,100,30.7,274,2.5
2023-02-21T05:00,23.8,87,1011.1,100,33.4,227,1.0
2023-02-21T06:00,23.0,89,1011.6,100,28.9,266,0.4
2023-02-21T07:00,22.4,90,1012.1,100,31.7,271,0.1
2023-02-21T08:00,22.3,90,1012.4,100,27.2,259,0.6
2023-02-21T09:00,22.4,89,1013.0,100,28.0,254,0.2
2023-02-21T10:00,22.3,90,1013.6,100,28.9,249,0.0
2023-02-21T11:00,22.3,89,1014.3,100,25.1,249,0.1
2023-02-21T12:00,22.0,87,1015.3,100,29.3,242,0.0
2023-02-21T13:00,21.9,87,1015.6,100,28.6,247,0.0
2023-02-21T14:00,22.2,85,1015.6,100,31.2,234,0.0
2023-02-21T15:00,22.6,83,1015.7,100,30.1,227,0.1
2023-02-21T16:00,23.1,80,1015.2,60,28.8,212,0.0
2023-02-21T17:00,23.3,81,1014.8,96,25.1,209,0.0
2023-02-21T18:00,23.5,79,1014.4,52,25.4,205,0.0
2023-02-21T19:00,23.6,78,1014.1,82,27.6,202,0.0
2023-02-21T20:00,23.9,77,1014.2,69,27.0,199,0.0
2023-02-21T21:00,24.1,76,1014.3,77,27.9,197,0.0
2023-02-21T22:00,24.3,73,1014.9,89,26.6,193,0.0
2023-02-21T23:00,24.4,72,1015.7,45,23.7,194,0.0
2023-02-22T00:00,24.5,71,1017.0,47,25.4,201,0.0
2023-02-22T01:00,24.6,71,1017.3,38,23.4,203,0.0
2023-02-22T02:00,24.2,73,1017.3,25,21.7,216,0.0
2023-02-22T03:00,23.8,77,1017.0,29,21.1,227,0.0
2023-02-22T04:00,23.0,83,1016.6,37,21.6,244,0.0
2023-02-22T05:00,22.4,86,1016.2,39,22.3,249,0.0
2023-02-22T06:00,22.3,85,1016.2,30,22.5,250,0.0
2023-02-22T07:00,22.2,84,1016.4,15,22.5,250,0.0
2023-02-22T08:00,22.2,83,1016.7,18,21.1,247,0.0
2023-02-22T09:00,22.1,84,1017.3,24,19.3,243,0.0
2023-02-22T10:00,22.2,84,1018.2,20,20.0,242,0.0
2023-02-22T11:00,22.4,83,1018.7,22,18.8,244,0.0
2023-02-22T12:00,22.8,83,1019.4,33,17.1,235,0.0
2023-02-22T13:00,23.2,82,1019.6,38,15.6,220,0.0
2023-02-22T14:00,23.5,80,1019.4,27,15.5,205,0.0
2023-02-22T15:00,23.9,79,1019.2,27,14.6,189,0.0
2023-02-22T16:00,24.1,76,1018.6,16,13.3,161,0.0
2023-02-22T17:00,24.4,73,1017.7,10,14.5,136,0.0
2023-02-22T18:00,24.6,72,1017.1,18,16.3,131,0.0
2023-02-22T19:00,24.7,72,1017.1,30,19.7,121,0.0
2023-02-22T20:00,24.8,72,1017.3,36,20.4,111,0.0
2023-02-22T21:00,24.9,71,1017.2,34,20.3,107,0.0
2023-02-22T22:00,24.9,71,1017.7,22,18.4,101,0.0
2023-02-22T23:00,25.0,70,1018.7,54,17.7,94,0.0
2023-02-23T00:00,25.0,69,1019.2,98,15.9,93,0.0
2023-02-23T01:00,24.6,72,1019.7,94,17.4,83,0.0
2023-02-23T02:00,24.5,72,1019.8,100,16.1,66,0.0
2023-02-23T03:00,24.6,72,1019.6,100,16.2,58,0.0
2023-02-23T04:00,24.6,73,1019.0,100,18.0,37,0.0
2023-02-23T05:00,24.7,73,1018.2,100,16.1,27,0.0
2023-02-23T06:00,24.7,73,1017.6,100,14.2,9,0.0
2023-02-23T07:00,24.4,75,1017.1,100,13.7,5,0.0
2023-02-23T08:00,24.5,75,1017.1,100,14.2,21,0.0
2023-02-23T09:00,24.6,74,1017.2,100,15.5,31,0.0
2023-02-23T10:00,24.7,74,1017.7,100,17.7,29,0.0
2023-02-23T11:00,24.8,75,1018.2,100,19.2,26,0.0
2023-02-23T12:00,24.7,78,1018.4,100,18.5,33,0.0
2023-02-23T13:00,24.4,80,1018.7,100,19.7,31,0.1
2023-02-23T14:00,24.2,83,1018.7,100,17.3,21,0.4
2023-02-23T15:00,23.6,87,1018.2,100,18.2,8,1.0
2023-02-23T16:00,23.0,92,1017.7,97,14.3,12,2.5
2023-02-23T17:00,23.1,91,1017.0,99,19.9,17,3.8
2023-02-23T18:00,23.4,88,1016.1,100,18.6,36,2.0
2023-02-23T19:00,23.4,89,1015.8,100,21.5,40,0.5
2023-02-23T20:00,23.9,86,1015.5,100,22.4,48,0.3
2023-02-23T21:00,24.1,86,1015.1,100,29.5,46,0.3
2023-02-23T22:00,24.0,86,1015.2,100,29.5,43,0.4
2023-02-23T23:00,24.1,85,1015.3,100,32.1,45,0.3
2023-02-24T00:00,23.9,83,1015.9,100,26.8,42,0.1
2023-02-24T01:00,24.3,82,1015.7,100,30.7,40,0.1
2023-02-24T02:00,23.5,85,1015.5,100,31.1,30,1.2
2023-02-24T03:00,23.7,86,1015.2,100,30.3,27,0.6
2023-02-24T04:00,24.0,85,1014.4,100,33.2,29,0.0
2023-02-24T05:00,23.7,87,1013.6,100,31.6,23,0.0
2023-02-24T06:00,23.5,88,1013.0,80,30.6,25,0.0
2023-02-24T07:00,23.6,88,1012.4,96,29.7,31,0.0
2023-02-24T08:00,23.5,88,1012.1,100,33.2,32,0.0
2023-02-24T09:00,23.0,88,1012.2,28,26.0,37,0.0
2023-02-24T10:00,23.5,87,1012.7,100,29.3,37,0.0
2023-02-24T11:00,23.6,87,1013.0,84,30.2,33,0.0
2023-02-24T12:00,23.7,89,1012.6,98,28.2,27,0.0
2023-02-24T13:00,23.9,89,1012.9,100,28.4,22,0.0
2023-02-24T14:00,24.0,90,1012.6,100,27.1,23,0.0
2023-02-24T15:00,24.2,90,1012.0,100,25.6,28,0.1
2023-02-24T16:00,24.3,89,1011.5,100,25.9,29,0.0
2023-02-24T17:00,24.4,89,1011.0,100,26.0,24,0.2
2023-02-24T18:00,24.4,91,1010.3,100,25.3,30,0.5
2023-02-24T19:00,24.6,90,1009.7,100,23.1,31,0.0
2023-02-24T20:00,24.9,89,1009.4,100,24.4,31,0.0
2023-02-24T21:00,24.9,89,1009.4,100,26.9,26,0.0
2023-02-24T22:00,24.8,90,1009.2,100,26.9,30,0.0
2023-02-24T23:00,24.7,91,1009.4,100,28.5,29,0.0
2023-02-25T00:00,24.7,89,1010.0,100,19.9,22,0.0
2023-02-25T01:00,24.6,90,1010.1,100,20.2,11,0.0
2023-02-25T02:00,24.5,90,1010.2,91,17.7,356,0.0
2023-02-25T03:00,24.4,91,1009.7,15,14.7,349,0.0
2023-02-25T04:00,24.2,91,1008.8,4,15.3,351,0.0
2023-02-25T05:00,24.2,89,1007.8,0,14.4,357,0.0
2023-02-25T06:00,24.3,87,1007.2,0,15.5,1,0.0
2023-02-25T07:00,24.1,89,1006.7,0,16.0,8,0.0
2023-02-25T08:00,24.1,90,1007.1,0,18.4,12,0.0
2023-02-25T09:00,24.3,88,1007.4,0,16.5,10,0.0
2023-02-25T10:00,24.4,88,1008.2,3,13.0,354,0.0
2023-02-25T11:00,24.1,88,1008.7,0,12.4,343,0.0
2023-02-25T12:00,24.6,85,1008.6,1,8.2,319,0.0
2023-02-25T13:00,24.5,85,1008.8,15,6.5,267,0.0
2023-02-25T14:00,24.5,84,1008.6,2,4.6,198,0.0
2023-02-25T15:00,24.2,86,1008.3,3,8.9,137,0.0
2023-02-25T16:00,24.1,88,1008.0,14,8.8,125,0.0
2023-02-25T17:00,24.4,86,1007.9,38,5.8,158,0.0
2023-02-25T18:00,24.7,87,1007.8,39,1.8,169,0.0
2023-02-25T19:00,25.0,86,1007.9,35,2.6,16,0.0
2023-02-25T20:00,25.1,87,1007.7,16,2.9,7,0.0
2023-02-25T21:00,25.4,85,1007.7,43,6.8,3,0.0
2023-02-25T22:00,25.4,85,1008.2,4,6.5,3,0.0
2023-02-25T23:00,25.6,84,1008.8,3,10.5,16,0.0
2023-02-26T00:00,25.5,86,1009.7,5,8.5,28,0.0
2023-02-26T01:00,25.4,86,1010.5,9,11.3,323,0.0
2023-02-26T02:00,25.1,86,1011.2,23,10.2,302,0.0
2023-02-26T03:00,25.1,84,1011.2,35,5.9,308,0.0
2023-02-26T04:00,25.4,81,1010.6,3,8.1,347,0.0
2023-02-26T05:00,25.4,80,1009.9,13,8.6,358,0.0
2023-02-26T06:00,25.3,81,1009.6,10,8.7,336,0.0
2023-02-26T07:00,25.2,80,1009.9,50,9.2,329,0.0
2023-02-26T08:00,25.0,82,1010.5,18,9.6,283,0.0
2023-02-26T09:00,24.6,83,1011.1,92,8.3,268,0.0
2023-02-26T10:00,24.2,86,1011.9,89,10.5,266,0.0
2023-02-26T11:00,23.8,91,1012.9,66,10.5,254,0.0
2023-02-26T12:00,24.7,87,1013.1,70,12.8,238,0.0
2023-02-26T13:00,25.4,83,1013.9,83,11.5,229,0.0
2023-02-26T14:00,25.7,80,1014.0,100,12.1,197,0.0
2023-02-26T15:00,25.4,80,1014.1,100,16.3,188,0.0
2023-02-26T16:00,25.8,78,1014.1,99,16.1,190,0.0
2023-02-26T17:00,25.7,81,1014.0,99,15.3,188,0.0
2023-02-26T18:00,25.8,81,1013.8,100,16.0,189,0.0
2023-02-26T19:00,25.9,81,1013.6,100,15.6,172,0.0
2023-02-26T20:00,25.9,79,1013.7,100,12.7,165,0.0
2023-02-26T21:00,26.0,79,1014.0,100,7.2,162,0.0
2023-02-26T22:00,26.0,79,1014.4,83,9.0,196,0.0
2023-02-26T23:00,26.0,63,1015.5,100,17.0,167,0.0
2023-02-27T00:00,23.0,64,1017.0,97,5.0,249,0.0
2023-02-27T01:00,23.4,63,1017.5,21,5.9,349,0.0
2023-02-27T02:00,23.5,65,1017.5,40,7.6,335,0.0
2023-02-27T03:00,23.5,65,1017.6,3,8.7,315,0.0
2023-02-27T04:00,23.7,64,1017.3,26,9.9,314,0.0
2023-02-27T05:00,24.0,63,1017.1,0,9.5,331,0.0
2023-02-27T06:00,24.1,63,1016.6,9,7.9,344,0.0
2023-02-27T07:00,24.1,64,1016.5,89,8.0,355,0.0
2023-02-27T08:00,24.1,67,1016.9,100,9.4,2,0.0
2023-02-27T09:00,24.0,69,1017.7,37,6.1,360,0.0
2023-02-27T10:00,23.9,75,1018.5,2,5.8,356,0.0
2023-02-27T11:00,23.9,76,1019.1,34,3.9,22,0.0
2023-02-27T12:00,24.3,80,1019.5,44,5.0,201,0.0
2023-02-27T13:00,24.5,80,1020.4,98,4.0,280,0.0
2023-02-27T14:00,24.6,78,1020.5,100,5.1,231,0.0
2023-02-27T15:00,24.9,76,1020.7,73,8.9,212,0.0
2023-02-27T16:00,25.0,73,1021.0,23,7.1,195,0.0
2023-02-27T17:00,25.0,71,1020.7,0,4.9,163,0.0
2023-02-27T18:00,25.0,71,1020.0,0,5.3,118,0.0
2023-02-27T19:00,25.2,72,1020.0,0,7.5,107,0.0
2023-02-27T20:00,25.5,72,1019.7,15,10.2,100,0.0
2023-02-27T21:00,25.6,71,1019.7,67,11.0,101,0.0
2023-02-27T22:00,25.7,72,1019.9,60,11.7,99,0.0
2023-02-27T23:00,25.6,74,1020.3,100,12.4,100,0.0
2023-02-28T00:00,25.4,76,1021.5,100,10.4,88,0.0
2023-02-28T01:00,25.2,78,1021.5,100,11.0,79,0.0
2023-02-28T02:00,25.1,80,1021.5,100,11.5,58,0.0
2023-02-28T03:00,25.0,82,1021.2,100,14.5,42,0.0
2023-02-28T04:00,24.9,82,1020.3,100,15.2,36,0.0
2023-02-28T05:00,24.9,83,1019.8,100,14.2,21,0.0
2023-02-28T06:00,24.8,83,1019.4,100,14.4,13,0.0
2023-02-28T07:00,24.6,83,1019.1,52,14.6,9,0.0
2023-02-28T08:00,24.5,83,1019.1,26,15.2,7,0.0
2023-02-28T09:00,24.5,83,1019.6,20,15.6,8,0.0
2023-02-28T10:00,24.5,82,1020.2,7,14.6,16,0.0
2023-02-28T11:00,24.4,83,1020.6,0,13.9,31,0.0
2023-02-28T12:00,25.0,78,1021.0,2,12.5,46,0.0
2023-02-28T13:00,25.0,79,1021.1,29,13.2,47,0.0
2023-02-28T14:00,25.0,79,1021.1,9,14.5,44,0.0
2023-02-28T15:00,25.1,78,1020.8,11,16.0,46,0.0
2023-02-28T16:00,25.1,79,1020.5,9,17.8,47,0.0
2023-02-28T17:00,25.1,79,1019.6,4,21.0,55,0.0
2023-02-28T18:00,25.4,79,1019.0,20,25.5,61,0.0
2023-02-28T19:00,25.4,78,1018.4,34,28.0,61,0.0
2023-02-28T20:00,25.5,77,1018.0,75,28.3,56,0.0
2023-02-28T21:00,25.4,77,1017.5,59,28.1,50,0.0
2023-02-28T22:00,25.4,78,1017.8,35,29.0,44,0.0
2023-02-28T23:00,25.4,77,1018.2,42,27.1,41,0.0
2023-03-01T00:00,25.4,77,1018.7,93,26.7,46,0.0
2023-03-01T01:00,25.2,79,1018.9,100,26.1,39,0.0
2023-03-01T02:00,25.2,79,1018.8,100,26.1,38,0.0
2023-03-01T03:00,25.1,79,1018.4,100,26.5,37,0.0
2023-03-01T04:00,25.0,80,1018.1,100,27.3,31,0.0
2023-03-01T05:00,24.9,81,1017.3,100,27.3,31,0.0
2023-03-01T06:00,24.5,83,1017.0,100,28.2,27,0.1
2023-03-01T07:00,24.6,79,1016.4,100,23.9,18,0.0
2023-03-01T08:00,24.7,78,1016.5,100,22.2,20,0.0
2023-03-01T09:00,24.8,79,1016.8,18,21.8,16,0.0
2023-03-01T10:00,24.8,78,1017.4,13,22.4,15,0.0
2023-03-01T11:00,24.7,79,1017.5,8,23.0,17,0.0
2023-03-01T12:00,25.4,76,1017.9,0,21.1,23,0.0
2023-03-01T13:00,25.4,76,1017.8,100,23.8,29,0.0
2023-03-01T14:00,25.4,76,1017.4,100,26.1,33,0.0
2023-03-01T15:00,25.6,76,1016.7,100,28.4,36,0.0
2023-03-01T16:00,25.6,75,1016.2,88,30.2,33,0.0
2023-03-01T17:00,25.5,76,1015.2,47,31.1,32,0.0
2023-03-01T18:00,24.9,78,1014.6,39,30.6,30,0.0
2023-03-01T19:00,24.8,73,1013.9,25,27.0,37,0.0
2023-03-01T20:00,24.9,75,1013.6,30,27.0,45,0.0
2023-03-01T21:00,24.8,81,1013.5,39,27.8,48,0.0
2023-03-01T22:00,25.0,81,1013.8,27,29.9,41,0.0
2023-03-01T23:00,24.9,81,1014.4,18,32.8,33,0.0
2023-03-02T00:00,25.1,80,1014.7,27,31.8,38,0.0
2023-03-02T01:00,25.0,82,1015.1,34,31.8,31,0.0
2023-03-02T02:00,24.6,80,1015.7,44,27.7,18,0.2
2023-03-02T03:00,24.5,81,1015.1,2,31.7,25,0.0
2023-03-02T04:00,24.8,80,1014.4,14,30.9,26,0.0
2023-03-02T05:00,25.0,79,1013.4,22,30.8,23,0.0
2023-03-02T06:00,24.9,79,1012.5,23,31.2,22,0.0
2023-03-02T07:00,24.8,80,1012.7,2,32.3,22,0.0
2023-03-02T08:00,24.6,81,1013.0,13,32.1,20,0.0
2023-03-02T09:00,24.6,81,1012.9,35,30.3,27,0.0
2023-03-02T10:00,24.6,82,1013.2,6,28.4,20,0.0
2023-03-02T11:00,24.5,84,1013.4,11,26.9,25,0.0
2023-03-02T12:00,24.9,82,1013.5,53,22.9,19,0.0
2023-03-02T13:00,24.9,83,1013.8,2,22.2,25,0.0
2023-03-02T14:00,24.9,83,1013.5,61,20.6,25,0.0
2023-03-02T15:00,25.0,84,1012.8,100,18.9,31,0.0
2023-03-02T16:00,25.1,86,1012.4,100,21.5,40,0.0
2023-03-02T17:00,25.2,88,1011.9,100,23.6,39,0.0
2023-03-02T18:00,25.3,89,1011.1,100,21.1,44,0.0
2023-03-02T19:00,25.4,89,1010.9,100,20.2,49,0.0
2023-03-02T20:00,25.5,89,1011.1,100,23.4,44,0.0
2023-03-02T21:00,25.5,88,1010.9,100,25.4,39,0.0
2023-03-02T22:00,25.5,87,1011.3,100,21.6,33,0.0
2023-03-02T23:00,25.5,88,1012.2,92,20.5,34,0.0
2023-03-03T00:00,25.5,88,1013.6,100,7.9,357,0.0
2023-03-03T01:00,24.6,88,1013.7,100,12.6,347,1.1
2023-03-03T02:00,24.6,85,1013.7,100,9.6,326,0.2
2023-03-03T03:00,24.5,85,1013.6,100,10.5,8,0.0
2023-03-03T04:00,24.5,86,1013.1,100,17.9,25,0.0
2023-03-03T05:00,24.5,87,1012.6,100,19.7,18,0.0
2023-03-03T06:00,24.6,87,1011.9,100,23.3,20,0.1
2023-03-03T07:00,24.7,86,1011.5,100,22.7,23,0.5
2023-03-03T08:00,24.7,87,1011.8,100,25.6,28,0.3
2023-03-03T09:00,25.0,86,1012.0,100,27.1,33,0.0
2023-03-03T10:00,25.0,87,1012.4,100,28.5,32,0.0
2023-03-03T11:00,25.0,88,1013.0,100,30.3,28,0.0
2023-03-03T12:00,25.5,87,1013.4,100,26.7,26,0.0
2023-03-03T13:00,25.5,87,1013.8,100,26.8,31,0.0
2023-03-03T14:00,25.4,88,1013.8,100,27.1,33,0.0
2023-03-03T15:00,25.3,90,1013.2,100,25.5,36,0.0
2023-03-03T16:00,25.3,91,1012.6,100,26.3,48,0.0
2023-03-03T17:00,25.4,91,1012.1,100,27.4,52,0.0
2023-03-03T18:00,25.5,91,1011.4,100,27.3,50,0.0
2023-03-03T19:00,25.5,91,1011.2,100,29.3,46,0.0
2023-03-03T20:00,25.5,90,1011.2,100,29.5,45,0.0
2023-03-03T21:00,25.6,90,1011.4,100,28.5,44,0.0
2023-03-03T22:00,25.6,89,1011.7,99,26.6,40,0.0
2023-03-03T23:00,25.6,90,1012.6,100,25.3,36,0.0
2023-03-04T00:00,25.9,90,1013.4,100,21.9,25,0.0
2023-03-04T01:00,25.8,91,1013.4,100,22.4,26,0.2
2023-03-04T02:00,25.6,91,1013.3,100,23.1,23,0.1
2023-03-04T03:00,25.6,91,1013.0,100,22.5,27,0.0
2023-03-04T04:00,25.5,92,1012.8,100,22.5,20,0.1
2023-03-04T05:00,25.4,92,1011.9,100,23.9,21,0.5
2023-03-04T06:00,25.4,91,1011.0,100,24.9,20,1.3
2023-03-04T07:00,25.4,90,1009.8,100,30.9,25,2.2
2023-03-04T08:00,25.4,89,1010.4,100,26.9,8,0.8
2023-03-04T09:00,25.3,89,1010.6,81,28.0,16,0.1
2023-03-04T10:00,25.4,89,1010.8,100,28.8,24,0.0
2023-03-04T11:00,25.5,89,1011.2,83,31.0,22,0.0
2023-03-04T12:00,25.5,88,1011.5,100,25.5,19,0.0
2023-03-04T13:00,25.4,88,1011.5,28,27.4,27,0.0
2023-03-04T14:00,25.1,93,1011.3,44,31.9,40,0.0
2023-03-04T15:00,25.5,89,1010.7,18,35.0,30,0.0
2023-03-04T16:00,25.6,88,1009.6,20,34.8,28,0.0
2023-03-04T17:00,25.5,90,1009.0,33,33.2,30,0.0
2023-03-04T18:00,25.5,90,1008.4,44,36.1,27,0.0
2023-03-04T19:00,25.7,90,1007.7,53,32.2,27,0.0
2023-03-04T20:00,25.8,90,1007.2,93,30.9,25,0.0
2023-03-04T21:00,26.0,89,1007.2,49,28.1,21,0.0
2023-03-04T22:00,26.0,89,1007.2,29,25.3,17,0.0
2023-03-04T23:00,26.0,89,1007.8,73,26.8,7,0.0
2023-03-05T00:00,25.4,93,1009.5,35,11.8,301,0.0
2023-03-05T01:00,24.4,90,1009.8,29,23.3,238,0.1
2023-03-05T02:00,24.5,90,1009.6,89,25.0,243,0.1
2023-03-05T03:00,24.1,90,1009.1,25,19.2,244,0.2
2023-03-05T04:00,24.0,88,1008.5,99,13.7,270,0.0
2023-03-05T05:00,23.9,89,1007.4,97,16.8,260,0.0
2023-03-05T06:00,23.8,89,1007.1,100,21.6,233,0.4
2023-03-05T07:00,23.8,90,1007.3,58,21.7,201,0.7
2023-03-05T08:00,24.2,86,1007.8,74,25.7,198,0.0
2023-03-05T09:00,24.4,85,1008.1,52,25.4,207,0.1
2023-03-05T10:00,24.2,85,1008.7,34,28.2,215,0.0
2023-03-05T11:00,24.3,82,1009.3,45,31.8,225,0.1
2023-03-05T12:00,24.6,80,1010.0,89,31.9,228,0.2
2023-03-05T13:00,24.5,80,1010.0,72,31.7,230,0.0
2023-03-05T14:00,23.9,84,1010.0,95,31.1,221,0.3
2023-03-05T15:00,24.1,84,1009.8,94,38.0,222,0.2
2023-03-05T16:00,24.2,85,1009.6,100,36.9,219,1.1
2023-03-05T17:00,24.2,85,1008.9,100,35.9,223,1.7
2023-03-05T18:00,24.5,83,1008.3,100,37.2,218,0.3
2023-03-05T19:00,24.6,82,1007.8,100,39.5,216,0.1
2023-03-05T20:00,24.7,82,1007.8,100,38.7,213,0.1
2023-03-05T21:00,23.7,87,1008.4,100,33.8,204,2.7
2023-03-05T22:00,23.6,88,1008.5,100,28.8,206,2.1
2023-03-05T23:00,23.7,85,1008.9,100,30.0,200,1.4
2023-03-06T00:00,24.0,84,1009.6,100,26.0,199,1.7
2023-03-06T01:00,23.6,85,1009.8,100,23.7,190,1.2
2023-03-06T02:00,24.0,85,1009.6,97,22.1,199,0.8
2023-03-06T03:00,23.4,88,1009.6,99,21.9,171,1.7
2023-03-06T04:00,23.3,88,1009.3,100,21.7,153,1.2
2023-03-06T05:00,22.8,89,1008.1,100,19.0,155,3.5
2023-03-06T06:00,22.6,90,1007.9,100,13.4,172,2.7
2023-03-06T07:00,23.4,85,1007.7,100,12.4,172,2.9
2023-03-06T08:00,23.0,90,1007.6,100,14.2,173,2.2
2023-03-06T09:00,23.5,87,1007.4,100,17.9,195,0.5
2023-03-06T10:00,23.5,87,1008.1,100,22.2,212,0.4
2023-03-06T11:00,23.0,89,1008.6,100,27.3,230,1.1
2023-03-06T12:00,23.2,90,1008.4,100,25.6,244,3.2
2023-03-06T13:00,23.7,87,1008.8,100,26.5,249,1.0
2023-03-06T14:00,23.5,89,1008.7,100,24.9,260,0.5
2023-03-06T15:00,23.8,88,1008.1,59,24.6,255,0.3
2023-03-06T16:00,24.1,86,1007.6,46,15.0,253,0.1
2023-03-06T17:00,24.2,84,1007.0,54,8.3,265,0.1
2023-03-06T18:00,24.4,82,1006.9,100,18.4,348,0.5
2023-03-06T19:00,24.4,85,1006.6,88,26.0,6,0.4
2023-03-06T20:00,24.9,82,1006.6,48,27.3,21,0.0
2023-03-06T21:00,25.3,80,1007.1,22,29.7,29,0.0
2023-03-06T22:00,25.0,80,1007.4,65,32.6,22,0.4
2023-03-06T23:00,24.9,83,1008.0,63,37.7,25,0.0
2023-03-07T00:00,25.0,81,1008.9,68,30.1,21,0.3
2023-03-07T01:00,24.6,84,1009.3,72,31.3,24,0.1
2023-03-07T02:00,24.6,84,1009.2,80,33.2,27,0.1
2023-03-07T03:00,24.2,86,1008.7,61,32.2,25,0.1
2023-03-07T04:00,24.1,86,1007.9,10,32.2,24,0.0
2023-03-07T05:00,24.1,87,1007.8,40,30.8,33,0.0
2023-03-07T06:00,24.4,85,1007.9,61,34.7,31,0.0
2023-03-07T07:00,24.5,85,1007.9,59,31.4,25,0.0
2023-03-07T08:00,24.2,87,1008.1,88,29.3,26,0.0
2023-03-07T09:00,24.4,86,1008.5,78,28.2,30,0.0
2023-03-07T10:00,24.5,87,1009.1,94,27.4,25,0.0
2023-03-07T11:00,24.6,87,1009.8,89,29.3,21,0.0
2023-03-07T12:00,24.9,88,1009.7,77,32.0,19,0.0
2023-03-07T13:00,24.9,87,1010.1,88,31.3,19,0.0
2023-03-07T14:00,25.0,85,1010.3,100,31.6,23,0.0
2023-03-07T15:00,25.1,84,1010.0,100,32.4,30,0.0
2023-03-07T16:00,25.8,79,1009.5,99,33.9,33,0.0
2023-03-07T17:00,25.5,84,1008.8,3,35.6,30,0.0
2023-03-07T18:00,25.5,83,1008.1,3,32.2,29,0.0
2023-03-07T19:00,25.4,86,1007.5,9,31.8,35,0.0
2023-03-07T20:00,25.5,88,1007.7,22,30.9,34,0.0
2023-03-07T21:00,25.6,90,1008.1,19,29.8,35,0.0
2023-03-07T22:00,25.9,87,1008.5,17,37.1,30,0.0
2023-03-07T23:00,26.0,87,1009.5,20,38.4,22,0.0
2023-03-08T00:00,25.9,87,1010.5,22,33.0,18,0.0
2023-03-08T01:00,25.8,86,1010.5,15,33.7,16,0.0
2023-03-08T02:00,25.7,88,1010.4,22,32.9,13,0.0
2023-03-08T03:00,25.8,87,1010.5,13,32.9,13,0.0
2023-03-08T04:00,25.9,84,1010.2,6,32.0,8,0.0
2023-03-08T05:00,26.1,83,1009.7,36,33.3,13,0.0
2023-03-08T06:00,26.2,81,1009.7,64,33.2,4,0.0
2023-03-08T07:00,26.0,80,1009.8,61,22.0,356,0.0
2023-03-08T08:00,25.9,80,1010.1,31,20.2,5,0.0
2023-03-08T09:00,25.8,82,1010.3,100,18.3,16,0.0
2023-03-08T10:00,25.8,84,1010.9,100,21.0,16,0.0
2023-03-08T11:00,25.8,85,1010.9,100,24.1,22,0.0
2023-03-08T12:00,25.6,84,1011.6,66,32.8,21,0.0
2023-03-08T13:00,25.5,86,1012.0,96,31.3,19,0.0
2023-03-08T14:00,25.4,88,1012.2,99,33.0,24,0.0
2023-03-08T15:00,25.2,89,1011.5,40,33.0,32,0.0
2023-03-08T16:00,25.3,90,1010.9,7,32.0,39,0.0
2023-03-08T17:00,25.6,90,1010.2,6,32.8,39,0.0
2023-03-08T18:00,25.9,87,1009.7,22,32.5,31,0.0
2023-03-08T19:00,26.2,84,1009.2,42,32.4,30,0.0
2023-03-08T20:00,26.3,84,1009.2,19,33.9,31,0.0
2023-03-08T21:00,26.2,87,1009.7,15,33.4,29,0.0
2023-03-08T22:00,26.3,86,1010.1,4,32.9,25,0.0
2023-03-08T23:00,26.3,86,1011.1,25,32.4,23,0.0
2023-03-09T00:00,26.2,89,1012.1,15,28.8,29,0.0
2023-03-09T01:00,26.0,90,1012.8,9,30.6,15,0.0
2023-03-09T02:00,26.0,89,1013.0,89,27.0,16,0.0
2023-03-09T03:00,25.9,86,1013.1,98,22.1,336,0.0
2023-03-09T04:00,25.5,82,1012.8,100,11.8,329,0.0
2023-03-09T05:00,25.4,89,1012.4,100,13.9,10,0.0
2023-03-09T06:00,25.4,91,1011.8,100,9.7,27,0.0
2023-03-09T07:00,25.3,91,1011.5,100,10.2,39,0.0
2023-03-09T08:00,25.1,91,1011.4,100,6.6,22,0.0
2023-03-09T09:00,25.0,93,1011.9,100,3.2,333,0.0
2023-03-09T10:00,25.0,91,1012.9,100,5.8,277,0.0
2023-03-09T11:00,24.9,91,1013.8,100,10.5,266,0.0
2023-03-09T12:00,25.2,89,1014.1,99,9.4,252,0.0
2023-03-09T13:00,25.5,87,1014.8,100,12.3,273,0.0
2023-03-09T14:00,25.9,84,1014.9,100,13.1,262,0.0
2023-03-09T15:00,26.2,82,1014.5,100,14.0,247,0.0
2023-03-09T16:00,26.3,81,1014.2,100,16.7,245,0.0
2023-03-09T17:00,26.0,79,1013.8,100,20.7,229,0.0
2023-03-09T18:00,25.5,80,1012.6,55,17.6,211,0.0
2023-03-09T19:00,25.4,80,1012.2,57,16.7,213,0.0
2023-03-09T20:00,25.5,81,1012.2,100,14.1,218,0.0
2023-03-09T21:00,25.5,82,1012.7,100,13.3,218,0.0
2023-03-09T22:00,25.8,79,1013.0,100,12.6,211,0.0
2023-03-09T23:00,25.8,82,1013.9,100,10.8,217,0.0
2023-03-10T00:00,25.1,84,1015.1,100,11.5,270,0.0
2023-03-10T01:00,24.8,88,1015.1,100,18.0,272,0.4
2023-03-10T02:00,24.6,86,1015.1,100,19.1,271,0.1
2023-03-10T03:00,24.3,88,1015.2,100,15.3,261,0.0
2023-03-10T04:00,24.3,87,1014.9,100,13.7,270,0.0
2023-03-10T05:00,24.4,86,1014.5,100,14.0,271,0.0
2023-03-10T06:00,24.4,86,1014.1,100,8.4,263,0.0
2023-03-10T07:00,24.3,87,1013.6,100,4.6,252,0.0
2023-03-10T08:00,24.4,87,1013.6,100,3.6,270,0.0
2023-03-10T09:00,24.5,85,1014.0,100,3.4,252,0.0
2023-03-10T10:00,24.8,83,1014.7,97,3.7,259,0.0
2023-03-10T11:00,24.9,82,1015.4,44,3.6,264,0.0
2023-03-10T12:00,25.0,84,1015.9,70,0.8,243,0.0
2023-03-10T13:00,25.1,84,1016.7,100,1.6,243,0.0
2023-03-10T14:00,25.1,84,1016.7,8,5.5,212,0.0
2023-03-10T15:00,25.0,85,1016.3,63,5.8,173,0.0
2023-03-10T16:00,24.8,87,1016.0,59,13.3,71,0.0
2023-03-10T17:00,24.2,90,1015.3,50,9.4,72,0.0
2023-03-10T18:00,24.1,91,1014.5,77,8.4,43,0.0
2023-03-10T19:00,24.0,91,1014.0,96,8.2,38,0.0
2023-03-10T20:00,24.4,89,1014.0,94,8.9,50,0.0
2023-03-10T21:00,24.5,89,1013.6,100,9.4,32,0.0
2023-03-10T22:00,24.6,89,1013.9,100,8.5,36,0.0
2023-03-10T23:00,24.8,89,1014.3,100,10.1,17,0.0
2023-03-11T00:00,25.1,90,1015.3,99,4.1,15,0.0
2023-03-11T01:00,25.1,88,1015.7,100,3.4,18,0.0
2023-03-11T02:00,25.0,89,1015.6,100,4.4,55,0.0
2023-03-11T03:00,24.8,91,1015.7,99,7.7,41,0.0
2023-03-11T04:00,24.6,90,1015.1,92,12.6,24,0.0
2023-03-11T05:00,24.3,88,1014.6,63,16.7,7,0.0
2023-03-11T06:00,24.4,87,1014.0,97,13.4,6,0.0
2023-03-11T07:00,24.2,89,1013.4,100,9.4,7,0.0
2023-03-11T08:00,24.1,90,1013.2,100,7.6,25,0.0
2023-03-11T09:00,24.1,91,1013.7,51,11.2,40,0.0
2023-03-11T10:00,24.1,91,1014.1,2,8.4,40,0.0
2023-03-11T11:00,24.3,89,1014.7,2,3.9,68,0.0
2023-03-11T12:00,24.8,87,1016.0,2,5.6,230,0.0
2023-03-11T13:00,24.9,87,1016.5,0,4.8,193,0.0
2023-03-11T14:00,25.0,87,1016.7,2,8.4,155,0.0
2023-03-11T15:00,25.1,85,1016.3,0,10.7,135,0.0
2023-03-11T16:00,25.5,85,1015.7,1,13.4,126,0.0
2023-03-11T17:00,25.8,83,1015.2,12,17.4,120,0.0
2023-03-11T18:00,26.0,81,1014.6,5,18.8,116,0.0
2023-03-11T19:00,25.9,82,1014.6,3,17.9,120,0.0
2023-03-11T20:00,26.0,82,1014.6,9,18.0,119,0.0
2023-03-11T21:00,26.0,79,1014.9,17,19.1,110,0.0
2023-03-11T22:00,26.3,77,1015.2,14,18.2,108,0.0
2023-03-11T23:00,26.1,78,1015.9,19,18.0,106,0.0
2023-03-12T00:00,25.4,85,1017.0,27,14.8,104,0.2
2023-03-12T01:00,25.6,81,1016.9,48,19.0,109,0.3
2023-03-12T02:00,25.5,82,1017.2,38,19.1,89,0.4
2023-03-12T03:00,24.6,84,1017.5,60,15.0,63,0.9
2023-03-12T04:00,24.0,87,1017.0,65,7.2,18,0.4
2023-03-12T05:00,23.9,88,1016.6,68,6.1,320,0.1
2023-03-12T06:00,23.9,88,1016.0,23,5.9,281,0.1
2023-03-12T07:00,23.9,88,1015.5,30,4.5,256,0.0
2023-03-12T08:00,23.9,88,1015.8,36,0.7,180,0.1
2023-03-12T09:00,24.0,88,1016.1,25,1.6,153,0.0
2023-03-12T10:00,23.9,87,1016.8,100,3.3,96,0.2
2023-03-12T11:00,24.1,85,1017.5,84,3.7,79,0.3
2023-03-12T12:00,24.5,85,1018.2,43,10.9,56,0.1
2023-03-12T13:00,24.7,84,1018.7,35,7.1,30,0.0
2023-03-12T14:00,24.4,85,1019.0,100,11.6,54,0.4
2023-03-12T15:00,24.6,83,1018.6,25,8.2,49,0.0
2023-03-12T16:00,24.7,83,1017.9,30,9.5,81,0.0
2023-03-12T17:00,25.0,82,1017.2,17,11.4,103,0.0
2023-03-12T18:00,25.2,82,1016.6,14,15.5,103,0.0
2023-03-12T19:00,25.8,79,1016.2,29,20.9,91,0.1
2023-03-12T20:00,26.1,77,1016.1,18,21.3,84,0.0
2023-03-12T21:00,26.0,77,1016.4,26,23.2,83,0.0
2023-03-12T22:00,25.9,77,1016.6,51,24.6,84,0.1
2023-03-12T23:00,26.0,77,1017.3,82,23.3,77,0.1
2023-03-13T00:00,25.6,80,1018.2,100,22.3,76,0.3
2023-03-13T01:00,25.2,80,1018.5,60,24.6,58,0.2
2023-03-13T02:00,24.8,82,1018.5,59,19.1,43,0.4
2023-03-13T03:00,24.1,85,1018.6,64,19.4,43,0.5
2023-03-13T04:00,24.1,85,1018.1,100,25.4,27,0.1
2023-03-13T05:00,23.9,87,1017.7,61,20.1,24,0.3
2023-03-13T06:00,24.2,86,1017.3,72,20.5,22,0.1
2023-03-13T07:00,24.0,87,1017.0,100,16.3,22,0.0
2023-03-13T08:00,24.1,86,1017.0,100,17.1,30,0.1
2023-03-13T09:00,24.2,86,1017.0,32,16.6,22,0.1
2023-03-13T10:00,24.1,87,1017.5,23,14.9,15,0.1
2023-03-13T11:00,24.2,85,1018.0,25,14.4,22,0.0
2023-03-13T12:00,25.0,83,1018.5,100,15.3,45,0.0
2023-03-13T13:00,25.0,83,1018.9,6,13.8,39,0.0
2023-03-13T14:00,25.0,84,1019.0,3,13.8,41,0.0
2023-03-13T15:00,25.1,84,1018.6,4,13.8,47,0.0
2023-03-13T16:00,25.5,82,1018.0,3,15.1,57,0.0
2023-03-13T17:00,25.9,80,1017.2,36,18.6,58,0.0
2023-03-13T18:00,26.1,79,1016.4,9,21.1,57,0.0
2023-03-13T19:00,26.5,76,1016.1,23,23.5,50,0.0
2023-03-13T20:00,26.7,74,1015.7,72,25.5,48,0.0
2023-03-13T21:00,26.6,74,1015.9,98,27.0,48,0.0
2023-03-13T22:00,26.6,74,1016.4,99,27.5,45,0.0
2023-03-13T23:00,25.9,80,1017.4,94,27.2,44,0.1
2023-03-14T00:00,26.0,78,1018.2,90,23.2,44,0.1
2023-03-14T01:00,26.0,76,1018.3,65,25.3,40,0.1
2023-03-14T02:00,25.1,83,1018.4,64,25.2,19,0.2
2023-03-14T03:00,25.1,82,1018.2,71,24.8,13,0.1
2023-03-14T04:00,25.0,84,1017.9,42,22.7,10,0.0
2023-03-14T05:00,24.7,85,1017.2,41,22.3,18,0.1
2023-03-14T06:00,24.6,86,1016.8,68,20.5,22,0.0
2023-03-14T07:00,24.6,86,1016.6,89,18.7,19,0.0
2023-03-14T08:00,24.6,86,1016.8,94,19.1,22,0.0
2023-03-14T09:00,24.6,86,1017.0,99,18.4,28,0.0
2023-03-14T10:00,24.6,86,1017.4,95,19.5,30,0.0
2023-03-14T11:00,24.7,86,1017.8,99,19.3,29,0.0
2023-03-14T12:00,25.0,84,1018.4,86,21.8,34,0.0
2023-03-14T13:00,25.1,85,1018.5,73,20.7,31,0.0
2023-03-14T14:00,25.1,85,1018.5,16,21.2,40,0.0
2023-03-14T15:00,25.2,85,1018.2,11,21.9,46,0.0
2023-03-14T16:00,25.6,83,1017.8,81,23.6,51,0.0
2023-03-14T17:00,25.9,82,1017.1,79,27.0,56,0.0
2023-03-14T18:00,26.0,82,1016.3,99,27.9,54,0.0
2023-03-14T19:00,26.0,82,1015.9,100,28.2,52,0.0
2023-03-14T20:00,26.2,81,1015.7,100,29.4,49,0.0
2023-03-14T21:00,26.2,80,1015.6,100,30.0,44,0.0
2023-03-14T22:00,26.4,79,1015.8,100,30.3,44,0.0
2023-03-14T23:00,26.2,79,1016.6,100,31.1,44,0.0
2023-03-15T00:00,26.0,81,1017.6,100,31.1,46,0.1
2023-03-15T01:00,24.9,86,1018.0,100,35.5,41,0.1
2023-03-15T02:00,25.1,84,1018.3,97,33.4,35,0.5
2023-03-15T03:00,24.5,87,1018.3,46,30.9,21,0.5
2023-03-15T04:00,24.5,87,1018.1,99,31.4,24,0.3
2023-03-15T05:00,24.9,86,1017.6,95,33.7,25,0.5
2023-03-15T06:00,24.8,84,1017.3,97,36.1,26,0.4
2023-03-15T07:00,24.9,85,1016.9,85,27.2,24,0.0
2023-03-15T08:00,24.8,86,1016.9,83,27.3,23,0.1
2023-03-15T09:00,24.6,86,1017.3,91,29.2,24,0.1
2023-03-15T10:00,24.9,84,1017.8,78,28.5,26,0.0
2023-03-15T11:00,24.8,86,1018.1,87,25.4,25,0.0
2023-03-15T12:00,25.0,86,1018.8,41,25.2,22,0.0
2023-03-15T13:00,24.9,87,1019.1,19,22.5,22,0.0
2023-03-15T14:00,25.3,84,1018.8,19,22.7,36,0.0
2023-03-15T15:00,25.8,81,1018.5,3,23.6,39,0.0
2023-03-15T16:00,26.1,78,1018.1,8,27.0,42,0.0
2023-03-15T17:00,26.2,77,1017.2,8,31.2,50,0.0
2023-03-15T18:00,26.1,78,1016.2,28,32.0,51,0.0
2023-03-15T19:00,26.0,79,1015.8,98,31.1,53,0.0
2023-03-15T20:00,26.0,79,1015.6,99,31.7,56,0.0
2023-03-15T21:00,25.9,79,1015.7,100,32.0,59,0.0
2023-03-15T22:00,25.6,81,1016.1,100,31.3,57,0.1
2023-03-15T23:00,25.5,81,1017.2,100,29.9,54,0.2
2023-03-16T00:00,25.2,83,1017.3,100,28.6,48,0.1
2023-03-16T01:00,25.0,83,1017.7,100,27.5,45,0.5
2023-03-16T02:00,24.8,84,1018.0,97,24.7,29,0.3
2023-03-16T03:00,24.2,84,1018.0,91,21.0,22,0.1
2023-03-16T04:00,24.2,84,1017.5,84,17.9,19,0.0
2023-03-16T05:00,24.8,81,1017.0,90,18.5,21,0.1
2023-03-16T06:00,24.8,82,1016.4,99,16.2,17,0.0
2023-03-16T07:00,24.5,84,1016.1,100,14.5,19,0.1
2023-03-16T08:00,24.5,84,1016.0,100,14.9,32,0.1
2023-03-16T09:00,24.5,84,1016.0,100,16.1,34,0.0
2023-03-16T10:00,24.6,84,1016.4,100,17.8,36,0.0
2023-03-16T11:00,24.7,83,1016.7,24,18.4,35,0.0
2023-03-16T12:00,25.2,80,1017.1,12,15.5,28,0.0
2023-03-16T13:00,25.2,80,1017.4,17,17.7,20,0.0
2023-03-16T14:00,25.2,80,1017.2,15,18.6,22,0.0
2023-03-16T15:00,25.4,80,1016.8,5,20.3,27,0.0
2023-03-16T16:00,25.5,81,1016.2,1,24.0,40,0.0
2023-03-16T17:00,25.6,81,1015.7,0,29.8,46,0.0
2023-03-16T18:00,25.8,80,1014.7,0,33.1,47,0.0
2023-03-16T19:00,25.9,80,1014.0,0,34.1,46,0.0
2023-03-16T20:00,25.9,80,1013.7,0,34.9,46,0.0
2023-03-16T21:00,25.9,81,1013.7,1,36.7,46,0.0
2023-03-16T22:00,26.0,81,1014.3,13,36.5,41,0.0
2023-03-16T23:00,26.0,81,1015.2,10,34.5,37,0.0
2023-03-17T00:00,25.8,82,1016.1,12,33.3,36,0.0
2023-03-17T01:00,25.6,83,1016.9,28,33.8,28,0.0
2023-03-17T02:00,25.1,85,1017.2,23,33.6,17,0.0
2023-03-17T03:00,24.9,84,1017.3,41,33.7,30,0.0
2023-03-17T04:00,24.9,84,1017.0,27,37.0,27,0.0
2023-03-17T05:00,24.6,85,1016.6,13,35.1,28,0.0
2023-03-17T06:00,24.7,84,1016.3,8,35.4,27,0.0
2023-03-17T07:00,24.6,84,1015.9,23,34.8,26,0.0
2023-03-17T08:00,24.7,83,1015.9,40,35.5,23,0.0
2023-03-17T09:00,24.5,85,1016.2,15,31.9,20,0.0
2023-03-17T10:00,24.5,85,1017.0,18,31.5,22,0.0
2023-03-17T11:00,24.5,85,1017.5,13,31.3,23,0.0
2023-03-17T12:00,24.9,85,1018.0,10,30.6,24,0.0
2023-03-17T13:00,25.0,85,1018.4,14,29.9,26,0.0
2023-03-17T14:00,25.0,85,1018.4,7,29.7,29,0.0
2023-03-17T15:00,25.1,84,1018.0,1,29.9,31,0.0
2023-03-17T16:00,25.4,82,1017.3,0,30.6,34,0.0
2023-03-17T17:00,25.6,80,1016.5,1,32.6,35,0.0
2023-03-17T18:00,25.8,78,1015.4,1,33.8,36,0.0
2023-03-17T19:00,26.0,76,1014.9,0,34.6,39,0.0
2023-03-17T20:00,26.0,75,1014.9,1,34.8,40,0.0
2023-03-17T21:00,26.0,76,1014.7,1,34.0,39,0.0
2023-03-17T22:00,25.9,76,1014.9,2,33.0,39,0.0
2023-03-17T23:00,25.9,76,1015.8,3,31.2,36,0.0
2023-03-18T00:00,26.1,76,1016.0,5,28.1,36,0.0
2023-03-18T01:00,26.1,76,1016.7,6,27.3,34,0.0
2023-03-18T02:00,26.1,76,1016.9,1,27.2,29,0.0
2023-03-18T03:00,26.0,76,1016.8,3,26.3,25,0.0
2023-03-18T04:00,25.8,77,1016.4,5,24.7,23,0.0
2023-03-18T05:00,25.5,79,1016.1,3,24.8,24,0.0
2023-03-18T06:00,25.4,80,1015.5,19,25.9,25,0.0
2023-03-18T07:00,25.0,82,1015.2,2,24.2,28,0.0
2023-03-18T08:00,24.9,84,1014.9,0,23.3,38,0.0
2023-03-18T09:00,24.9,84,1015.3,1,26.0,41,0.0
2023-03-18T10:00,24.9,84,1015.7,6,29.4,36,0.0
2023-03-18T11:00,24.8,84,1016.3,4,30.6,32,0.0
2023-03-18T12:00,25.2,82,1016.4,0,25.9,27,0.0
2023-03-18T13:00,25.2,82,1016.6,0,26.3,29,0.0
2023-03-18T14:00,25.1,83,1016.5,0,24.5,36,0.0
2023-03-18T15:00,25.2,83,1016.2,0,25.5,43,0.0
2023-03-18T16:00,25.4,83,1015.8,0,27.7,46,0.0
2023-03-18T17:00,25.5,82,1014.9,0,30.8,45,0.0
2023-03-18T18:00,25.6,81,1014.1,0,32.2,40,0.0
2023-03-18T19:00,25.8,81,1013.9,0,30.0,39,0.0
2023-03-18T20:00,25.8,80,1013.8,0,28.7,39,0.0
2023-03-18T21:00,25.8,79,1014.0,0,28.9,40,0.0
2023-03-18T22:00,25.8,79,1014.2,0,28.8,41,0.0
2023-03-18T23:00,25.8,78,1014.6,0,29.6,37,0.0
2023-03-19T00:00,25.8,80,1015.5,0,27.6,41,0.0
2023-03-19T01:00,25.9,79,1016.0,5,28.4,33,0.0
2023-03-19T02:00,25.9,78,1016.1,5,29.8,28,0.0
2023-03-19T03:00,25.7,77,1015.9,6,31.4,22,0.0
2023-03-19T04:00,25.5,77,1015.6,7,31.1,18,0.0
2023-03-19T05:00,25.4,75,1015.0,1,29.8,18,0.0
2023-03-19T06:00,25.2,75,1014.5,0,30.1,17,0.0
2023-03-19T07:00,25.0,77,1013.9,0,30.4,14,0.0
2023-03-19T08:00,24.9,77,1013.9,0,29.9,13,0.0
2023-03-19T09:00,24.9,78,1014.3,0,28.4,15,0.0
2023-03-19T10:00,24.8,79,1014.8,0,29.0,14,0.0
2023-03-19T11:00,24.8,78,1015.0,0,29.7,11,0.0
2023-03-19T12:00,25.0,78,1014.7,4,25.0,12,0.0
2023-03-19T13:00,25.0,78,1014.9,18,23.2,13,0.0
2023-03-19T14:00,25.2,78,1014.7,44,23.8,18,0.0
2023-03-19T15:00,25.3,81,1013.9,43,26.5,22,0.0
2023-03-19T16:00,25.2,87,1013.2,75,27.7,30,0.0
2023-03-19T17:00,25.5,87,1012.5,86,30.0,33,0.0
2023-03-19T18:00,25.6,87,1011.8,95,31.6,29,0.0
2023-03-19T19:00,25.7,87,1011.4,63,32.4,27,0.0
2023-03-19T20:00,25.8,86,1011.2,13,30.8,24,0.0
2023-03-19T21:00,25.9,86,1011.3,63,30.3,25,0.0
2023-03-19T22:00,25.9,86,1011.9,40,29.9,22,0.0
2023-03-19T23:00,25.9,87,1012.5,93,30.9,19,0.0
2023-03-20T00:00,25.9,88,1013.0,100,26.1,12,0.0
2023-03-20T01:00,25.7,89,1013.1,100,25.9,9,0.0
2023-03-20T02:00,25.5,89,1013.2,99,24.8,9,0.0
2023-03-20T03:00,25.4,89,1013.1,100,21.3,3,0.0
2023-03-20T04:00,25.2,89,1012.5,95,15.0,349,0.0
2023-03-20T05:00,25.0,90,1011.7,88,11.4,342,0.0
2023-03-20T06:00,25.0,91,1011.0,58,9.7,360,0.0
2023-03-20T07:00,24.9,89,1010.5,97,15.4,11,0.0
2023-03-20T08:00,24.8,88,1010.3,100,12.1,10,0.0
2023-03-20T09:00,24.7,87,1010.6,46,7.7,349,0.0
2023-03-20T10:00,24.5,87,1011.3,0,6.2,280,0.0
2023-03-20T11:00,24.0,92,1012.2,4,11.5,250,0.0
2023-03-20T12:00,24.8,85,1012.6,6,9.6,250,0.0
2023-03-20T13:00,25.0,84,1012.7,0,9.5,241,0.0
2023-03-20T14:00,25.0,88,1012.7,1,8.9,207,0.0
2023-03-20T15:00,24.8,89,1012.7,1,10.1,182,0.0
2023-03-20T16:00,25.1,87,1012.6,1,13.3,183,0.0
2023-03-20T17:00,25.0,88,1012.2,28,13.0,186,0.0
2023-03-20T18:00,25.4,89,1011.7,41,8.8,199,0.0
2023-03-20T19:00,25.6,89,1011.7,62,6.1,230,0.0
2023-03-20T20:00,25.6,88,1011.2,97,4.6,252,0.0
2023-03-20T21:00,26.0,82,1011.7,95,9.4,238,0.0
2023-03-20T22:00,26.1,81,1012.1,100,10.5,211,0.0
2023-03-20T23:00,26.0,83,1012.8,93,13.1,212,0.0
2023-03-21T00:00,25.4,88,1014.7,99,16.6,240,0.0
2023-03-21T01:00,25.0,88,1015.0,92,16.3,239,0.0
2023-03-21T02:00,24.7,89,1015.0,45,15.0,243,0.0
2023-03-21T03:00,24.5,89,1014.9,76,15.1,252,0.0
2023-03-21T04:00,24.5,87,1014.6,91,14.2,263,0.0
2023-03-21T05:00,24.5,87,1014.1,24,13.5,254,0.0
2023-03-21T06:00,24.5,87,1013.8,84,13.0,246,0.0
2023-03-21T07:00,24.5,88,1013.9,32,15.3,229,0.0
2023-03-21T08:00,24.9,85,1014.3,11,18.3,216,0.0
2023-03-21T09:00,24.9,87,1014.9,51,20.0,219,0.0
2023-03-21T10:00,24.9,88,1015.5,65,22.1,214,0.0
2023-03-21T11:00,24.5,90,1016.4,13,23.1,217,0.0
2023-03-21T12:00,24.9,88,1017.0,13,19.0,243,0.0
2023-03-21T13:00,24.9,88,1016.9,8,16.6,231,0.0
2023-03-21T14:00,24.8,88,1016.8,2,17.5,212,0.0
2023-03-21T15:00,24.8,88,1016.8,3,20.9,199,0.0
2023-03-21T16:00,25.2,87,1016.3,9,19.0,195,0.0
2023-03-21T17:00,25.6,85,1015.6,29,19.5,183,0.0
2023-03-21T18:00,25.6,83,1015.4,59,19.1,180,0.0
2023-03-21T19:00,25.9,81,1015.2,78,21.5,171,0.0
2023-03-21T20:00,25.7,82,1015.3,35,17.6,154,0.0
2023-03-21T21:00,25.7,83,1015.7,53,16.3,158,0.0
2023-03-21T22:00,25.6,83,1016.1,56,15.0,153,0.0
2023-03-21T23:00,25.5,83,1017.0,99,13.6,148,0.0
2023-03-22T00:00,25.0,83,1018.2,49,12.7,137,0.0
2023-03-22T01:00,24.9,82,1018.6,100,12.2,135,0.7
2023-03-22T02:00,24.7,84,1018.3,95,13.0,134,0.1
2023-03-22T03:00,24.6,82,1018.3,73,10.2,100,0.0
2023-03-22T04:00,24.6,83,1018.2,90,7.3,81,0.1
2023-03-22T05:00,24.5,83,1017.9,89,8.0,98,0.2
2023-03-22T06:00,24.0,85,1017.6,100,7.6,93,0.4
2023-03-22T07:00,24.0,85,1017.4,98,8.7,85,0.1
2023-03-22T08:00,24.1,85,1017.5,100,7.7,79,0.1
2023-03-22T09:00,24.3,83,1017.8,91,8.4,70,0.1
2023-03-22T10:00,24.5,81,1018.3,60,8.8,71,0.1
2023-03-22T11:00,24.5,81,1018.8,67,11.8,59,0.0
2023-03-22T12:00,24.3,83,1019.9,71,7.9,66,0.0
2023-03-22T13:00,24.6,82,1020.3,45,7.9,74,0.0
2023-03-22T14:00,24.8,80,1020.2,55,7.8,77,0.0
2023-03-22T15:00,24.1,84,1020.2,70,16.5,101,0.0
2023-03-22T16:00,23.2,85,1019.4,70,19.6,107,0.3
2023-03-22T17:00,24.4,81,1018.7,88,16.3,112,0.1
2023-03-22T18:00,25.0,78,1018.1,100,18.6,99,0.0
2023-03-22T19:00,25.5,74,1017.9,100,19.6,83,0.0
2023-03-22T20:00,25.4,75,1018.1,100,23.2,96,0.0
2023-03-22T21:00,24.9,81,1018.3,97,28.6,95,0.2
2023-03-22T22:00,24.8,81,1018.6,100,28.1,91,0.0
2023-03-22T23:00,24.5,82,1019.3,100,29.6,94,0.2
2023-03-23T00:00,24.1,84,1020.4,87,33.5,89,1.2
2023-03-23T01:00,24.6,81,1020.9,99,29.6,72,0.1
2023-03-23T02:00,24.5,83,1020.8,97,25.3,67,0.0
2023-03-23T03:00,24.7,80,1020.3,98,26.5,68,0.0
2023-03-23T04:00,24.7,80,1019.4,100,27.9,60,0.1
2023-03-23T05:00,24.1,82,1019.2,100,26.0,53,0.5
2023-03-23T06:00,23.7,84,1019.0,100,25.2,43,0.7
2023-03-23T07:00,22.9,88,1018.7,100,22.3,39,0.6
2023-03-23T08:00,22.8,89,1018.4,95,19.3,27,0.5
2023-03-23T09:00,23.0,89,1018.6,100,20.7,23,0.5
2023-03-23T10:00,23.6,87,1018.7,100,25.1,27,0.4
2023-03-23T11:00,24.0,86,1019.0,99,25.9,29,0.1
2023-03-23T12:00,22.8,90,1019.8,100,23.7,46,0.1
2023-03-23T13:00,23.5,87,1019.5,100,24.4,31,0.1
2023-03-23T14:00,24.1,86,1019.1,99,33.1,22,0.0
2023-03-23T15:00,24.5,85,1018.3,100,36.2,27,0.0
2023-03-23T16:00,24.6,86,1017.1,96,35.1,28,0.0
2023-03-23T17:00,25.0,86,1016.1,96,38.7,30,0.0
2023-03-23T18:00,25.2,85,1014.9,100,41.3,29,0.0
2023-03-23T19:00,25.5,85,1014.6,100,40.7,28,0.0
2023-03-23T20:00,25.6,84,1014.6,100,40.3,28,0.0
2023-03-23T21:00,25.6,85,1014.1,23,40.2,23,0.0
2023-03-23T22:00,25.5,86,1014.2,100,37.6,22,0.0
2023-03-23T23:00,25.5,86,1014.5,100,38.0,20,0.0
2023-03-24T00:00,24.9,88,1016.0,100,40.0,359,0.0
2023-03-24T01:00,25.0,90,1015.7,62,31.0,358,0.0
2023-03-24T02:00,25.2,88,1015.7,41,24.1,3,0.0
2023-03-24T03:00,25.1,89,1015.3,31,22.3,2,0.0
2023-03-24T04:00,25.0,90,1014.4,89,20.9,357,0.0
2023-03-24T05:00,24.8,91,1013.9,89,15.9,347,0.0
2023-03-24T06:00,24.6,92,1013.2,75,9.7,312,0.0
2023-03-24T07:00,24.4,94,1012.9,67,8.0,260,0.0
2023-03-24T08:00,24.2,94,1013.1,26,12.2,251,0.0
2023-03-24T09:00,24.0,93,1013.8,14,13.4,264,0.0
2023-03-24T10:00,24.1,92,1014.4,1,14.2,254,0.0
2023-03-24T11:00,24.5,89,1015.2,40,19.1,234,0.0
2023-03-24T12:00,24.8,87,1016.2,54,26.0,204,0.0
2023-03-24T13:00,24.9,87,1016.8,12,27.9,207,0.0
2023-03-24T14:00,25.0,83,1017.1,40,31.1,210,0.0
2023-03-24T15:00,25.0,82,1016.7,19,36.4,212,0.0
2023-03-24T16:00,25.0,82,1016.3,22,32.7,204,0.0
2023-03-24T17:00,25.1,80,1015.9,31,34.9,199,0.0
2023-03-24T18:00,25.0,81,1015.4,52,35.3,189,0.0
2023-03-24T19:00,25.2,80,1015.3,27,31.3,179,0.0
2023-03-24T20:00,25.3,79,1015.1,27,26.8,174,0.0
2023-03-24T21:00,25.2,77,1015.2,23,25.3,163,0.0
2023-03-24T22:00,25.2,77,1015.4,11,22.4,161,0.0
2023-03-24T23:00,25.2,77,1016.3,9,20.8,162,0.0
2023-03-25T00:00,25.0,76,1017.4,12,16.0,172,0.0
2023-03-25T01:00,25.1,74,1017.4,16,13.4,160,0.0
2023-03-25T02:00,25.0,74,1017.4,39,10.8,159,0.0
2023-03-25T03:00,24.6,75,1017.2,45,8.9,166,0.0
2023-03-25T04:00,24.3,76,1017.0,54,5.6,165,0.0
2023-03-25T05:00,24.0,78,1016.4,41,6.3,121,0.0
2023-03-25T06:00,24.0,78,1015.9,45,11.9,95,0.0
2023-03-25T07:00,24.1,76,1015.4,99,13.6,79,0.0
2023-03-25T08:00,24.3,73,1015.4,100,11.1,65,0.0
2023-03-25T09:00,24.5,71,1015.5,100,7.7,37,0.0
2023-03-25T10:00,24.6,70,1015.7,100,9.8,36,0.0
2023-03-25T11:00,24.1,76,1016.3,100,10.7,40,0.0
2023-03-25T12:00,23.6,85,1017.1,100,6.9,28,0.0
2023-03-25T13:00,23.5,87,1017.2,100,7.3,340,0.1
2023-03-25T14:00,23.3,88,1016.6,100,7.8,347,0.0
2023-03-25T15:00,23.2,89,1015.8,65,8.3,360,0.0
2023-03-25T16:00,23.4,89,1015.0,66,13.0,14,0.0
2023-03-25T17:00,24.2,85,1013.7,48,20.1,47,0.0
2023-03-25T18:00,24.8,82,1012.4,26,24.8,50,0.0
2023-03-25T19:00,25.1,82,1011.6,38,27.4,51,0.0
2023-03-25T20:00,25.4,82,1011.4,21,27.5,48,0.0
2023-03-25T21:00,25.4,83,1011.7,96,26.0,45,0.0
2023-03-25T22:00,25.4,84,1012.3,100,24.2,41,0.0
2023-03-25T23:00,25.4,85,1012.5,100,26.3,33,1.1
2023-03-26T00:00,25.0,86,1013.3,100,23.6,21,1.6
2023-03-26T01:00,24.9,88,1012.9,100,25.9,25,1.3
2023-03-26T02:00,24.7,89,1012.5,100,28.3,26,0.2
2023-03-26T03:00,24.6,89,1012.0,100,30.6,18,0.0
2023-03-26T04:00,24.5,89,1011.0,100,29.5,13,0.0
2023-03-26T05:00,24.5,91,1010.1,100,26.1,12,0.5
2023-03-26T06:00,24.4,91,1009.0,100,29.4,11,1.3
2023-03-26T07:00,24.4,91,1008.3,59,26.2,9,0.2
2023-03-26T08:00,24.4,91,1008.1,31,23.8,360,0.0
2023-03-26T09:00,24.5,89,1008.4,16,22.5,354,0.0
2023-03-26T10:00,24.7,88,1009.0,25,17.6,345,0.0
2023-03-26T11:00,25.0,85,1009.8,15,13.0,321,0.0
2023-03-26T12:00,25.4,81,1011.3,44,15.3,243,0.0
2023-03-26T13:00,26.0,76,1011.9,5,26.0,222,0.0
2023-03-26T14:00,25.4,81,1012.1,6,27.7,205,0.0
2023-03-26T15:00,25.1,77,1012.1,13,30.6,200,0.0
2023-03-26T16:00,25.0,74,1011.9,14,32.3,202,0.0
2023-03-26T17:00,24.5,78,1011.8,10,36.9,199,0.0
2023-03-26T18:00,24.3,81,1011.9,41,40.2,200,0.0
2023-03-26T19:00,24.4,81,1012.1,23,46.8,199,0.0
2023-03-26T20:00,24.5,77,1012.3,3,49.1,200,0.0
2023-03-26T21:00,24.4,81,1013.1,8,50.5,199,0.0
2023-03-26T22:00,24.2,81,1013.8,11,48.8,198,0.0
2023-03-26T23:00,24.0,81,1014.8,18,46.4,206,0.0
2023-03-27T00:00,24.2,77,1015.6,4,42.9,210,0.0
2023-03-27T01:00,24.1,76,1016.2,20,41.9,215,0.0
2023-03-27T02:00,24.1,73,1016.6,12,39.0,218,0.0
2023-03-27T03:00,24.2,71,1016.6,11,36.9,219,0.0
2023-03-27T04:00,24.3,68,1016.3,9,36.2,218,0.0
2023-03-27T05:00,23.9,71,1015.7,1,36.9,216,0.0
2023-03-27T06:00,23.7,71,1015.6,3,36.2,218,0.0
2023-03-27T07:00,23.4,73,1015.5,10,37.0,222,0.0
2023-03-27T08:00,23.0,76,1015.7,10,36.4,222,0.0
2023-03-27T09:00,22.9,76,1016.3,9,34.6,224,0.0
2023-03-27T10:00,22.8,76,1017.2,35,32.6,226,0.0
2023-03-27T11:00,22.6,77,1017.9,49,30.5,231,0.0
2023-03-27T12:00,22.7,76,1018.7,63,29.7,232,0.0
2023-03-27T13:00,22.9,73,1018.8,32,31.8,219,0.0
2023-03-27T14:00,22.9,75,1018.8,30,30.3,212,0.0
2023-03-27T15:00,22.9,74,1018.5,26,29.2,209,0.0
2023-03-27T16:00,22.9,73,1018.2,41,25.3,208,0.0
2023-03-27T17:00,23.0,73,1017.7,49,23.5,205,0.0
2023-03-27T18:00,23.1,73,1017.5,34,23.5,198,0.0
2023-03-27T19:00,23.1,73,1017.4,19,22.6,189,0.0
2023-03-27T20:00,23.5,67,1017.0,8,17.4,187,0.0
2023-03-27T21:00,23.9,60,1016.9,2,20.9,181,0.0
2023-03-27T22:00,24.0,57,1016.8,2,20.2,178,0.0
2023-03-27T23:00,24.0,56,1017.4,1,17.6,165,0.0
2023-03-28T00:00,24.0,55,1018.6,1,13.0,156,0.0
2023-03-28T01:00,24.0,55,1018.8,6,10.7,138,0.0
2023-03-28T02:00,23.9,56,1018.7,14,10.8,120,0.0
2023-03-28T03:00,23.8,56,1018.4,27,11.4,101,0.0
2023-03-28T04:00,23.8,56,1017.9,5,11.2,84,0.0
2023-03-28T05:00,23.8,56,1017.2,23,11.0,58,0.0
2023-03-28T06:00,23.6,57,1016.8,2,11.2,48,0.0
2023-03-28T07:00,23.5,56,1016.7,2,9.4,32,0.0
2023-03-28T08:00,23.5,56,1016.5,1,7.6,19,0.0
2023-03-28T09:00,23.4,57,1016.8,1,7.0,12,0.0
2023-03-28T10:00,23.5,58,1017.3,1,7.6,8,0.0
2023-03-28T11:00,23.5,60,1017.7,4,9.9,10,0.0
2023-03-28T12:00,23.0,68,1018.3,8,12.2,360,0.0
2023-03-28T13:00,23.2,68,1018.4,12,12.7,15,0.0
2023-03-28T14:00,23.2,69,1017.8,14,14.2,16,0.0
2023-03-28T15:00,23.4,69,1017.2,3,15.7,37,0.0
2023-03-28T16:00,23.8,70,1016.4,3,20.6,44,0.0
2023-03-28T17:00,24.1,69,1015.3,0,28.0,47,0.0
2023-03-28T18:00,24.5,68,1014.5,0,29.0,46,0.0
2023-03-28T19:00,24.2,74,1014.1,0,35.3,39,0.0
2023-03-28T20:00,24.2,77,1013.9,1,36.2,38,0.0
2023-03-28T21:00,24.4,77,1013.8,18,38.0,35,0.0
2023-03-28T22:00,24.4,76,1013.6,10,38.0,31,0.0
2023-03-28T23:00,24.7,75,1014.3,13,36.6,23,0.0
2023-03-29T00:00,24.6,78,1014.8,58,40.3,20,0.0
2023-03-29T01:00,24.6,78,1014.7,100,41.1,19,0.0
2023-03-29T02:00,24.5,79,1014.4,90,42.2,19,0.0
2023-03-29T03:00,24.5,79,1014.1,99,41.1,17,0.0
2023-03-29T04:00,24.4,80,1013.5,97,39.2,17,0.0
2023-03-29T05:00,24.3,81,1013.1,66,39.4,16,0.0
2023-03-29T06:00,24.4,81,1012.6,43,38.2,16,0.0
2023-03-29T07:00,24.4,81,1012.0,63,38.3,18,0.0
2023-03-29T08:00,24.4,82,1012.0,47,37.7,17,0.0
2023-03-29T09:00,24.5,81,1012.2,0,35.8,15,0.0
2023-03-29T10:00,24.4,81,1012.6,0,34.0,13,0.0
2023-03-29T11:00,24.4,82,1013.1,0,32.7,14,0.0
2023-03-29T12:00,24.5,84,1013.8,0,28.6,14,0.0
2023-03-29T13:00,24.6,83,1014.1,0,26.8,17,0.0
2023-03-29T14:00,24.7,84,1014.1,0,27.0,21,0.0
2023-03-29T15:00,24.9,85,1013.8,0,27.7,25,0.0
2023-03-29T16:00,25.0,85,1013.4,20,27.5,27,0.0
2023-03-29T17:00,25.1,86,1012.2,40,29.5,30,0.0
2023-03-29T18:00,25.3,85,1012.1,100,29.7,31,0.0
2023-03-29T19:00,25.2,86,1012.7,100,27.1,5,0.0
2023-03-29T20:00,25.0,87,1012.8,100,21.1,337,0.4
2023-03-29T21:00,24.8,87,1012.7,100,13.0,326,0.0
2023-03-29T22:00,24.8,88,1013.1,100,6.8,360,0.0
2023-03-29T23:00,24.6,89,1013.6,100,16.5,20,0.0
2023-03-30T00:00,24.2,88,1014.0,100,23.9,5,0.0
2023-03-30T01:00,24.3,88,1013.5,100,21.7,6,0.0
2023-03-30T02:00,24.5,86,1013.1,100,22.0,4,0.0
2023-03-30T03:00,24.6,85,1012.7,100,14.4,3,0.0
2023-03-30T04:00,24.4,86,1013.1,100,11.2,354,0.0
2023-03-30T05:00,24.3,86,1012.8,100,8.9,27,0.0
2023-03-30T06:00,24.2,86,1012.5,99,6.1,270,0.0
2023-03-30T07:00,24.0,84,1012.1,21,13.1,249,0.0
2023-03-30T08:00,23.5,87,1012.3,55,11.6,254,0.0
2023-03-30T09:00,23.6,85,1012.3,50,11.4,257,0.0
2023-03-30T10:00,23.7,86,1012.9,21,10.2,260,0.0
2023-03-30T11:00,23.6,87,1013.9,90,11.8,243,0.0
2023-03-30T12:00,24.2,85,1014.5,0,17.4,198,0.0
2023-03-30T13:00,24.5,86,1014.8,0,17.8,201,0.0
2023-03-30T14:00,24.5,86,1014.6,27,16.0,194,0.0
2023-03-30T15:00,24.4,88,1014.3,97,16.4,171,0.0
2023-03-30T16:00,24.5,88,1013.9,24,15.6,165,0.0
2023-03-30T17:00,24.8,86,1013.3,43,16.0,166,0.0
2023-03-30T18:00,24.7,85,1013.0,92,14.7,158,0.0
2023-03-30T19:00,24.9,85,1013.0,94,12.6,156,0.0
2023-03-30T20:00,24.9,87,1013.1,99,11.6,164,0.0
2023-03-30T21:00,24.9,84,1013.2,80,11.3,153,0.0
2023-03-30T22:00,24.8,85,1013.0,74,10.5,158,0.1
2023-03-30T23:00,24.8,82,1013.8,55,8.2,157,0.0
2023-03-31T00:00,24.5,81,1015.4,81,14.3,221,0.0
2023-03-31T01:00,23.7,86,1015.6,100,17.7,241,0.1
2023-03-31T02:00,23.5,88,1015.3,9,15.9,273,0.0
2023-03-31T03:00,23.3,87,1014.8,10,16.3,284,0.0
2023-03-31T04:00,23.4,86,1014.3,73,15.5,282,0.0
2023-03-31T05:00,23.3,87,1014.0,2,16.2,274,0.0
2023-03-31T06:00,23.0,89,1013.6,18,17.9,260,0.0
2023-03-31T07:00,22.8,91,1013.5,21,17.4,257,0.0
2023-03-31T08:00,22.7,91,1013.6,0,17.0,253,0.0
2023-03-31T09:00,22.8,90,1013.9,0,14.7,248,0.0
2023-03-31T10:00,22.9,87,1014.0,0,13.9,245,0.0
2023-03-31T11:00,22.9,87,1014.5,0,12.9,247,0.0
2023-03-31T12:00,23.4,88,1015.1,0,17.3,234,0.0
2023-03-31T13:00,23.9,87,1015.4,12,16.8,223,0.0
2023-03-31T14:00,24.0,87,1015.0,6,16.7,217,0.0
2023-03-31T15:00,23.9,87,1014.3,0,14.2,210,0.0
2023-03-31T16:00,23.7,88,1013.8,0,15.3,199,0.0
2023-03-31T17:00,23.7,88,1013.0,0,11.8,192,0.0
2023-03-31T18:00,23.8,89,1012.1,0,9.7,178,0.0
2023-03-31T19:00,24.0,88,1012.0,2,6.6,171,0.0
2023-03-31T20:00,24.0,87,1012.0,8,2.5,172,0.0
2023-03-31T21:00,24.1,88,1012.0,6,3.3,167,0.0
2023-03-31T22:00,24.1,88,1011.9,4,2.4,27,0.0
2023-03-31T23:00,24.0,90,1012.2,59,10.8,360,0.0
2023-04-01T00:00,24.1,91,1012.8,10,13.3,327,0.0
2023-04-01T01:00,24.1,91,1013.2,64,13.4,276,0.2
2023-04-01T02:00,24.1,89,1013.1,94,17.3,272,0.2
2023-04-01T03:00,24.0,83,1013.2,71,19.8,254,0.1
2023-04-01T04:00,23.9,84,1012.7,81,30.1,221,0.0
2023-04-01T05:00,23.3,87,1012.8,100,40.3,218,0.1
2023-04-01T06:00,22.9,85,1012.6,99,42.6,215,0.2
2023-04-01T07:00,22.5,83,1012.5,100,45.6,212,0.3
2023-04-01T08:00,22.1,80,1012.8,100,51.8,205,0.1
2023-04-01T09:00,21.5,72,1013.4,76,53.7,209,0.0
2023-04-01T10:00,21.2,67,1013.7,46,56.9,211,0.0
2023-04-01T11:00,20.8,70,1014.3,100,59.6,214,0.0
2023-04-01T12:00,21.0,67,1014.9,15,63.1,215,0.0
2023-04-01T13:00,20.5,68,1015.7,0,56.2,216,0.0
2023-04-01T14:00,20.5,64,1015.8,1,53.4,217,0.0
2023-04-01T15:00,20.6,64,1015.6,0,51.3,220,0.0
2023-04-01T16:00,20.9,62,1015.0,0,49.0,218,0.0
2023-04-01T17:00,21.0,63,1014.8,5,48.7,214,0.0
2023-04-01T18:00,21.2,64,1014.4,5,51.1,214,0.0
2023-04-01T19:00,22.0,61,1014.3,1,51.1,214,0.0
2023-04-01T20:00,22.8,58,1014.4,10,53.2,217,0.0
2023-04-01T21:00,23.1,58,1014.4,88,55.7,216,0.0
2023-04-01T22:00,23.8,54,1014.4,64,48.9,217,0.0
2023-04-01T23:00,23.8,55,1014.9,89,52.6,207,0.0
2023-04-02T00:00,22.9,65,1016.3,15,48.3,217,0.0
2023-04-02T01:00,22.5,68,1016.5,75,48.9,217,0.0
2023-04-02T02:00,22.4,69,1016.4,50,46.2,216,0.1
2023-04-02T03:00,22.2,70,1016.2,66,42.6,216,0.0
2023-04-02T04:00,21.7,74,1016.1,73,41.4,221,0.1
2023-04-02T05:00,21.0,76,1015.9,74,35.1,237,0.2
2023-04-02T06:00,20.7,73,1015.8,66,33.7,252,0.0
2023-04-02T07:00,20.4,74,1015.7,35,36.4,259,0.0
2023-04-02T08:00,20.4,74,1015.8,94,34.7,260,0.0
2023-04-02T09:00,20.5,72,1016.3,33,30.7,266,0.0
2023-04-02T10:00,20.5,71,1017.0,100,28.4,269,0.0
2023-04-02T11:00,20.8,71,1017.8,43,26.0,266,0.0
2023-04-02T12:00,21.1,71,1019.0,39,23.9,254,0.0
2023-04-02T13:00,21.6,69,1019.5,27,22.8,252,0.0
2023-04-02T14:00,22.2,66,1019.4,12,23.7,240,0.0
2023-04-02T15:00,22.3,66,1019.0,0,26.1,232,0.0
2023-04-02T16:00,22.4,65,1018.3,0,24.8,221,0.0
2023-04-02T17:00,22.4,67,1017.8,5,25.3,208,0.0
2023-04-02T18:00,22.6,66,1017.3,6,25.6,194,0.0
2023-04-02T19:00,22.9,61,1017.1,16,23.8,184,0.0
2023-04-02T20:00,23.4,56,1017.1,0,19.2,175,0.0
2023-04-02T21:00,23.4,54,1017.0,1,19.2,163,0.0
2023-04-02T22:00,23.5,53,1017.1,0,17.1,158,0.0
2023-04-02T23:00,23.8,52,1017.6,1,13.9,149,0.0
2023-04-03T00:00,23.5,53,1018.5,9,14.0,138,0.0
2023-04-03T01:00,23.5,52,1018.7,9,10.0,128,0.0
2023-04-03T02:00,23.6,52,1018.5,100,7.0,102,0.0
2023-04-03T03:00,23.5,52,1017.9,93,8.1,69,0.0
2023-04-03T04:00,23.5,53,1017.3,100,10.5,41,0.0
2023-04-03T05:00,23.4,55,1016.8,100,13.7,18,0.0
2023-04-03T06:00,23.0,58,1016.1,100,14.8,357,0.0
2023-04-03T07:00,22.7,62,1015.7,20,17.9,341,0.0
2023-04-03T08:00,22.9,60,1015.7,8,19.2,355,0.0
2023-04-03T09:00,22.8,62,1015.7,1,19.6,7,0.0
2023-04-03T10:00,22.8,64,1016.2,0,20.6,12,0.0
2023-04-03T11:00,22.9,64,1016.7,0,22.7,15,0.0
2023-04-03T12:00,22.7,67,1017.1,0,19.3,9,0.0
2023-04-03T13:00,22.8,68,1017.2,0,18.6,22,0.0
2023-04-03T14:00,23.2,67,1016.7,0,24.4,34,0.0
2023-04-03T15:00,23.7,64,1015.8,0,31.6,30,0.0
2023-04-03T16:00,23.8,67,1014.9,17,32.4,30,0.0
2023-04-03T17:00,24.0,66,1014.1,20,32.0,31,0.0
2023-04-03T18:00,24.2,67,1013.5,13,32.6,35,0.0
2023-04-03T19:00,24.3,67,1013.2,0,34.2,35,0.0
2023-04-03T20:00,24.4,68,1013.2,0,33.7,34,0.0
2023-04-03T21:00,24.5,68,1013.3,0,33.7,32,0.0
2023-04-03T22:00,24.5,67,1013.5,0,35.0,30,0.0
2023-04-03T23:00,24.5,69,1014.1,0,36.4,28,0.0
2023-04-04T00:00,24.3,72,1014.9,0,34.7,24,0.0
2023-04-04T01:00,24.1,74,1015.0,0,35.9,21,0.0
2023-04-04T02:00,23.9,76,1014.6,0,36.4,18,0.0
2023-04-04T03:00,23.8,78,1014.1,0,36.8,15,0.0
2023-04-04T04:00,23.7,78,1014.1,58,34.4,13,0.0
2023-04-04T05:00,23.6,78,1013.7,89,33.7,14,0.0
2023-04-04T06:00,23.5,78,1013.1,74,34.7,13,0.0
2023-04-04T07:00,23.8,77,1012.7,81,34.3,9,0.0
2023-04-04T08:00,23.8,77,1012.8,14,33.8,7,0.0
2023-04-04T09:00,23.8,78,1012.9,0,32.0,8,0.0
2023-04-04T10:00,23.6,79,1013.2,1,31.5,6,0.0
2023-04-04T11:00,23.5,79,1013.8,0,29.6,4,0.0
2023-04-04T12:00,23.4,81,1013.9,0,22.4,5,0.0
2023-04-04T13:00,23.5,82,1013.9,0,24.4,13,0.0
2023-04-04T14:00,24.0,82,1013.5,0,24.3,15,0.0
2023-04-04T15:00,24.0,85,1013.3,0,26.2,21,0.0
2023-04-04T16:00,24.0,89,1012.6,12,23.8,27,0.0
2023-04-04T17:00,24.3,88,1012.2,21,20.1,27,0.0
2023-04-04T18:00,24.5,89,1011.9,88,16.4,15,0.0
2023-04-04T19:00,24.5,89,1011.8,100,11.5,14,0.0
2023-04-04T20:00,24.6,87,1012.6,100,10.1,243,0.0
2023-04-04T21:00,24.9,75,1013.3,99,27.0,201,0.0
2023-04-04T22:00,24.5,74,1014.0,98,25.1,209,0.0
2023-04-04T23:00,24.5,79,1014.7,100,22.4,204,0.0
2023-04-05T00:00,24.4,76,1015.5,100,26.4,191,0.0
2023-04-05T01:00,24.4,75,1015.7,49,24.3,186,0.0
2023-04-05T02:00,24.1,75,1015.7,69,23.4,190,0.0
2023-04-05T03:00,24.0,75,1015.5,23,20.2,199,0.0
2023-04-05T04:00,23.8,76,1015.4,93,20.4,216,0.0
2023-04-05T05:00,23.5,77,1014.9,94,22.4,226,0.0
2023-04-05T06:00,23.2,79,1014.6,100,24.3,232,0.0
2023-04-05T07:00,22.7,83,1014.6,100,25.4,235,0.0
2023-04-05T08:00,22.6,83,1014.8,100,26.2,233,0.0
2023-04-05T09:00,22.5,83,1015.7,100,27.6,230,0.1
2023-04-05T10:00,22.3,84,1016.6,100,27.4,231,0.1
2023-04-05T11:00,22.4,83,1017.3,100,24.5,230,0.0
2023-04-05T12:00,23.0,77,1018.0,100,21.6,213,0.0
2023-04-05T13:00,23.0,76,1018.3,91,20.4,201,0.1
2023-04-05T14:00,23.0,77,1017.9,54,18.9,189,0.0
2023-04-05T15:00,23.4,74,1017.3,57,19.1,178,0.0
2023-04-05T16:00,23.5,74,1016.7,96,20.2,164,0.0
2023-04-05T17:00,23.5,74,1016.3,95,22.7,155,0.0
2023-04-05T18:00,23.5,74,1015.9,100,23.3,148,0.0
2023-04-05T19:00,23.8,73,1015.9,100,23.2,144,0.0
2023-04-05T20:00,23.6,73,1016.1,100,23.5,139,0.0
2023-04-05T21:00,23.5,73,1016.4,100,24.9,135,0.0
2023-04-05T22:00,23.5,72,1016.8,100,24.4,134,0.0
2023-04-05T23:00,23.5,72,1017.6,100,23.3,129,0.0
2023-04-06T00:00,23.6,70,1018.0,100,23.2,132,0.0
2023-04-06T01:00,23.5,70,1018.3,100,21.0,129,0.0
2023-04-06T02:00,23.5,68,1018.5,100,17.6,125,0.0
2023-04-06T03:00,23.4,68,1018.1,100,17.7,128,0.0
2023-04-06T04:00,23.2,68,1018.2,100,17.1,129,0.0
2023-04-06T05:00,23.2,68,1017.7,100,16.0,126,0.0
2023-04-06T06:00,23.2,67,1017.5,100,15.0,125,0.0
2023-04-06T07:00,23.1,67,1017.4,100,14.2,120,0.0
2023-04-06T08:00,23.1,67,1017.4,100,15.1,118,0.0
2023-04-06T09:00,23.1,67,1017.8,100,15.5,121,0.0
2023-04-06T10:00,23.2,66,1018.2,100,14.5,117,0.0
2023-04-06T11:00,23.0,66,1018.8,100,12.6,114,0.0
2023-04-06T12:00,23.1,67,1018.9,100,15.6,105,0.1
2023-04-06T13:00,23.1,67,1019.1,100,13.3,109,0.0
2023-04-06T14:00,22.6,69,1019.2,100,13.4,117,0.0
2023-04-06T15:00,22.1,73,1018.9,100,12.1,117,0.2
2023-04-06T16:00,21.9,76,1018.5,100,11.9,104,0.7
2023-04-06T17:00,21.6,78,1018.0,100,11.0,101,0.5
2023-04-06T18:00,21.6,78,1017.8,100,11.5,104,0.2
2023-04-06T19:00,21.6,79,1017.5,100,11.6,106,0.1
2023-04-06T20:00,21.5,79,1017.5,100,11.5,92,0.2
2023-04-06T21:00,21.9,76,1017.2,100,10.0,60,0.2
2023-04-06T22:00,22.1,72,1017.2,100,6.9,99,0.3
2023-04-06T23:00,22.1,71,1017.5,100,10.7,110,0.4
2023-04-07T00:00,21.9,73,1018.2,100,10.7,76,0.5
2023-04-07T01:00,21.9,72,1018.2,100,10.9,98,0.3
2023-04-07T02:00,21.5,75,1018.0,100,10.5,96,0.5
2023-04-07T03:00,20.5,82,1017.9,100,9.5,65,0.9
2023-04-07T04:00,20.2,85,1017.7,100,8.0,72,0.7
2023-04-07T05:00,20.5,84,1017.0,100,11.2,92,0.7
2023-04-07T06:00,20.6,82,1016.6,100,11.2,105,0.8
2023-04-07T07:00,20.7,85,1016.4,100,14.8,90,1.5
2023-04-07T08:00,21.2,81,1016.1,100,16.3,76,1.0
2023-04-07T09:00,21.0,82,1016.6,100,16.5,74,2.2
2023-04-07T10:00,21.0,82,1017.2,100,18.7,74,3.3
2023-04-07T11:00,21.1,82,1017.8,100,20.2,71,1.7
2023-04-07T12:00,21.1,82,1018.6,100,19.1,91,0.3
2023-04-07T13:00,21.2,80,1018.7,100,17.3,95,0.6
2023-04-07T14:00,21.1,81,1018.7,100,16.7,96,0.6
2023-04-07T15:00,21.2,80,1018.4,100,14.8,93,0.2
2023-04-07T16:00,21.4,78,1017.7,100,14.2,97,0.1
2023-04-07T17:00,21.8,75,1017.2,100,13.9,107,0.0
2023-04-07T18:00,21.9,74,1016.7,100,13.5,106,0.0
2023-04-07T19:00,22.1,73,1016.6,100,14.1,105,0.0
2023-04-07T20:00,22.0,74,1016.7,100,15.8,107,0.0
2023-04-07T21:00,22.1,73,1016.9,100,15.8,107,0.0
2023-04-07T22:00,22.0,74,1017.2,100,17.7,103,0.0
2023-04-07T23:00,21.6,78,1017.9,100,18.8,93,0.2
2023-04-08T00:00,22.0,72,1018.4,100,15.9,84,0.1
2023-04-08T01:00,22.4,70,1018.5,100,14.2,74,0.3
2023-04-08T02:00,22.4,69,1018.5,100,10.4,46,0.2
2023-04-08T03:00,22.2,70,1018.3,100,6.5,360,0.1
2023-04-08T04:00,21.2,75,1018.2,100,4.7,148,0.1
2023-04-08T05:00,21.4,76,1018.0,100,10.3,119,0.2
2023-04-08T06:00,21.7,74,1017.6,100,10.7,104,0.1
2023-04-08T07:00,21.8,73,1017.5,100,10.0,103,0.1
2023-04-08T08:00,22.1,69,1017.4,100,7.0,111,0.1
2023-04-08T09:00,22.3,68,1017.8,100,6.9,137,0.1
2023-04-08T10:00,22.4,67,1018.3,100,5.4,138,0.0
2023-04-08T11:00,22.5,65,1018.8,100,1.8,143,0.0
2023-04-08T12:00,21.8,74,1019.9,99,17.2,74,0.0
2023-04-08T13:00,21.9,75,1020.3,100,16.3,65,0.0
2023-04-08T14:00,22.0,74,1020.2,100,12.6,66,0.0
2023-04-08T15:00,22.2,73,1020.0,100,9.0,67,0.0
2023-04-08T16:00,22.5,70,1019.5,100,6.8,58,0.0
2023-04-08T17:00,22.8,68,1019.0,100,6.9,51,0.0
2023-04-08T18:00,23.0,66,1018.5,56,9.6,70,0.0
2023-04-08T19:00,23.3,64,1018.3,19,12.7,82,0.0
2023-04-08T20:00,23.4,64,1018.2,100,14.4,89,0.0
2023-04-08T21:00,23.4,63,1018.2,100,13.7,93,0.0
2023-04-08T22:00,23.6,61,1018.7,100,12.6,90,0.0
2023-04-08T23:00,23.9,58,1019.4,100,10.8,69,0.0
2023-04-09T00:00,23.3,67,1020.1,100,19.0,75,0.0
2023-04-09T01:00,23.1,68,1020.2,100,20.4,64,0.0
2023-04-09T02:00,23.1,68,1020.3,100,19.7,55,0.0
2023-04-09T03:00,23.2,67,1020.1,100,17.8,45,0.0
2023-04-09T04:00,23.1,69,1020.2,57,20.6,33,0.0
2023-04-09T05:00,22.8,71,1020.0,68,21.6,33,0.0
2023-04-09T06:00,22.6,72,1019.2,100,20.2,39,0.0
2023-04-09T07:00,22.6,72,1018.8,100,20.0,34,0.0
2023-04-09T08:00,22.6,72,1018.6,44,18.7,30,0.0
2023-04-09T09:00,22.6,73,1018.8,22,16.6,22,0.0
2023-04-09T10:00,22.4,77,1019.3,10,15.9,4,0.0
2023-04-09T11:00,22.0,81,1020.0,9,13.1,352,0.0
2023-04-09T12:00,22.1,82,1020.7,5,10.8,334,0.0
2023-04-09T13:00,22.2,79,1020.8,10,9.2,349,0.0
2023-04-09T14:00,22.5,78,1020.6,10,12.0,16,0.0
2023-04-09T15:00,22.8,78,1020.2,17,13.4,36,0.0
2023-04-09T16:00,23.0,79,1019.7,17,15.6,50,0.0
2023-04-09T17:00,23.4,78,1018.8,9,21.4,45,0.0
2023-04-09T18:00,23.5,77,1018.5,20,24.7,31,0.0
2023-04-09T19:00,24.0,72,1018.2,17,26.8,31,0.0
2023-04-09T20:00,24.6,66,1018.2,27,29.6,40,0.0
2023-04-09T21:00,24.6,66,1018.2,27,28.7,35,0.0
2023-04-09T22:00,24.7,67,1018.6,32,29.7,29,0.0
2023-04-09T23:00,24.4,68,1019.3,63,31.9,34,0.0
2023-04-10T00:00,24.3,67,1019.8,85,32.2,36,0.0
2023-04-10T01:00,24.4,67,1019.8,2,31.6,35,0.0
2023-04-10T02:00,24.3,69,1019.8,82,34.4,21,0.0
2023-04-10T03:00,23.7,74,1019.8,17,32.7,15,0.0
2023-04-10T04:00,23.6,74,1019.7,12,36.3,20,0.0
2023-04-10T05:00,23.5,75,1019.4,7,36.1,20,0.0
2023-04-10T06:00,23.3,76,1018.8,26,37.5,20,0.0
2023-04-10T07:00,23.1,78,1018.5,3,37.2,19,0.0
2023-04-10T08:00,23.0,79,1018.3,3,37.0,18,0.0
2023-04-10T09:00,23.0,80,1018.4,1,35.9,18,0.0
2023-04-10T10:00,23.0,79,1018.9,0,35.1,15,0.0
2023-04-10T11:00,23.0,79,1019.4,0,34.3,17,0.0
2023-04-10T12:00,23.4,80,1020.3,0,32.9,16,0.0
2023-04-10T13:00,23.4,81,1020.5,0,32.2,20,0.0
2023-04-10T14:00,23.4,82,1020.2,0,32.8,23,0.0
2023-04-10T15:00,23.3,84,1019.7,0,31.4,28,0.0
2023-04-10T16:00,23.6,84,1019.1,0,30.3,32,0.0
2023-04-10T17:00,23.6,85,1018.4,0,31.2,34,0.0
2023-04-10T18:00,23.7,85,1018.0,0,33.2,34,0.0
2023-04-10T19:00,23.8,85,1017.9,1,32.9,34,0.0
2023-04-10T20:00,23.9,84,1017.7,2,32.7,32,0.0
2023-04-10T21:00,23.9,83,1017.6,10,33.3,28,0.0
2023-04-10T22:00,24.0,82,1017.8,23,34.5,27,0.0
2023-04-10T23:00,23.8,83,1018.3,24,34.6,25,0.0
2023-04-11T00:00,23.8,83,1018.6,4,31.2,26,0.0
2023-04-11T01:00,23.8,82,1018.7,13,31.7,25,0.0
2023-04-11T02:00,23.8,82,1018.5,5,33.8,24,0.0
2023-04-11T03:00,23.7,82,1018.2,1,34.6,21,0.0
2023-04-11T04:00,23.5,83,1017.7,1,34.3,17,0.0
2023-04-11T05:00,23.5,82,1017.2,1,35.4,15,0.0
2023-04-11T06:00,23.4,84,1016.4,0,33.7,14,0.0
2023-04-11T07:00,23.5,80,1015.9,0,36.3,11,0.0
2023-04-11T08:00,23.5,80,1016.1,0,34.3,9,0.0
2023-04-11T09:00,23.5,78,1016.3,1,31.3,9,0.0
2023-04-11T10:00,23.4,78,1016.6,0,29.8,12,0.0
2023-04-11T11:00,23.5,78,1017.1,0,30.1,15,0.0
2023-04-11T12:00,23.6,77,1017.6,0,24.4,16,0.0
2023-04-11T13:00,23.6,78,1017.4,0,26.1,20,0.0
2023-04-11T14:00,23.8,78,1016.9,0,29.5,22,0.0
2023-04-11T15:00,23.9,79,1016.0,0,32.5,25,0.0
2023-04-11T16:00,24.0,80,1015.3,2,33.8,29,0.0
2023-04-11T17:00,24.1,80,1014.4,6,34.6,31,0.0
2023-04-11T18:00,24.0,81,1013.7,11,35.7,34,0.0
2023-04-11T19:00,24.0,81,1013.3,12,38.0,35,0.0
2023-04-11T20:00,24.1,81,1013.1,7,39.0,36,0.0
2023-04-11T21:00,23.9,82,1012.8,9,41.1,33,0.0
2023-04-11T22:00,23.9,82,1013.0,9,42.1,29,0.0
2023-04-11T23:00,23.8,82,1013.3,15,42.0,26,0.0
2023-04-12T00:00,24.0,80,1013.6,0,39.1,27,0.0
2023-04-12T01:00,24.0,79,1013.8,6,40.8,23,0.0
2023-04-12T02:00,23.8,78,1013.6,1,41.2,22,0.0
2023-04-12T03:00,23.6,79,1013.3,0,42.7,21,0.0
2023-04-12T04:00,23.5,79,1012.9,0,43.2,19,0.0
2023-04-12T05:00,23.4,80,1012.5,0,41.3,18,0.0
2023-04-12T06:00,23.4,79,1012.3,0,40.2,17,0.0
2023-04-12T07:00,23.2,80,1012.2,2,38.0,15,0.0
2023-04-12T08:00,23.2,80,1012.3,14,34.2,12,0.0
2023-04-12T09:00,23.4,79,1012.3,17,30.9,12,0.0
2023-04-12T10:00,23.3,79,1012.4,9,27.4,10,0.0
2023-04-12T11:00,23.1,81,1012.9,3,21.6,3,0.0
2023-04-12T12:00,23.2,82,1013.6,0,15.8,1,0.0
2023-04-12T13:00,23.1,83,1013.2,0,15.8,12,0.0
2023-04-12T14:00,23.0,88,1012.7,0,16.7,25,0.0
2023-04-12T15:00,23.1,88,1012.0,0,18.8,32,0.0
2023-04-12T16:00,23.4,87,1011.3,9,20.7,31,0.0
2023-04-12T17:00,23.8,85,1010.9,20,20.6,27,0.0
2023-04-12T18:00,24.0,86,1010.3,10,20.0,28,0.0
2023-04-12T19:00,24.2,87,1009.7,8,20.1,33,0.0
2023-04-12T20:00,24.3,89,1009.1,4,22.0,35,0.0
2023-04-12T21:00,24.4,89,1008.9,3,21.7,19,0.0
2023-04-12T22:00,24.5,88,1008.9,3,21.7,19,0.0
2023-04-12T23:00,24.5,89,1009.4,2,20.7,23,0.0
2023-04-13T00:00,24.1,91,1010.4,26,19.7,28,0.0
2023-04-13T01:00,24.0,91,1010.4,9,21.6,18,0.0
2023-04-13T02:00,24.0,92,1010.6,25,19.3,9,0.0
2023-04-13T03:00,23.9,92,1010.5,100,15.6,7,0.0
2023-04-13T04:00,23.8,92,1010.4,100,14.0,1,0.0
2023-04-13T05:00,23.9,89,1009.9,92,15.9,4,0.0
2023-04-13T06:00,24.0,87,1009.2,97,14.1,6,0.0
2023-04-13T07:00,23.8,86,1008.6,12,11.6,353,0.0
2023-04-13T08:00,23.7,85,1008.7,63,8.9,333,0.0
2023-04-13T09:00,23.7,83,1009.0,39,7.4,309,0.0
2023-04-13T10:00,23.6,82,1009.5,1,8.7,294,0.0
2023-04-13T11:00,23.3,82,1010.1,18,10.6,298,0.0
2023-04-13T12:00,22.9,84,1011.9,4,32.2,230,0.0
2023-04-13T13:00,23.6,89,1012.0,32,41.4,209,0.0
2023-04-13T14:00,23.3,90,1011.9,36,35.9,211,0.0
2023-04-13T15:00,23.4,86,1011.2,50,32.7,205,0.0
2023-04-13T16:00,23.5,83,1011.0,100,32.4,204,0.0
2023-04-13T17:00,23.5,83,1010.9,100,31.9,196,0.0
2023-04-13T18:00,23.5,84,1010.8,100,31.1,185,0.0
2023-04-13T19:00,23.0,86,1011.2,100,32.1,178,0.1
2023-04-13T20:00,23.0,84,1011.4,99,30.7,167,0.1
2023-04-13T21:00,22.9,84,1011.6,97,32.4,163,0.1
2023-04-13T22:00,22.6,85,1011.9,100,28.8,164,0.1
2023-04-13T23:00,22.8,83,1012.6,100,26.1,162,0.1
2023-04-14T00:00,22.6,80,1012.7,100,19.2,172,0.0
2023-04-14T01:00,21.9,84,1013.4,100,18.5,193,1.2
2023-04-14T02:00,22.0,84,1013.8,100,15.8,192,0.1
2023-04-14T03:00,22.1,83,1013.5,100,11.9,194,0.2
2023-04-14T04:00,22.1,82,1013.5,100,10.7,220,0.1
2023-04-14T05:00,21.4,87,1013.7,100,21.4,224,1.3
2023-04-14T06:00,21.2,88,1013.5,100,19.5,231,0.2
2023-04-14T07:00,21.0,89,1013.5,100,19.2,236,0.4
2023-04-14T08:00,21.4,87,1013.5,100,33.8,156,1.0
2023-04-14T09:00,21.5,84,1013.8,100,39.6,152,1.0
2023-04-14T10:00,21.5,83,1014.4,100,36.7,156,0.6
2023-04-14T11:00,21.3,83,1015.2,100,33.2,148,0.2
2023-04-14T12:00,21.5,81,1016.6,100,23.5,140,0.3
2023-04-14T13:00,21.0,80,1016.5,100,24.0,144,1.2
2023-04-14T14:00,21.0,80,1016.5,100,20.6,144,1.2
2023-04-14T15:00,21.4,77,1016.5,100,19.6,139,0.6
2023-04-14T16:00,21.2,81,1016.0,100,22.2,137,0.2
2023-04-14T17:00,21.3,82,1015.6,100,27.2,134,0.2
2023-04-14T18:00,21.4,81,1015.3,100,28.6,132,0.5
2023-04-14T19:00,21.1,82,1015.7,100,26.9,129,0.8
2023-04-14T20:00,21.3,80,1015.6,100,29.5,128,0.2
2023-04-14T21:00,21.4,80,1016.1,100,28.8,124,0.1
2023-04-14T22:00,21.1,82,1016.5,100,29.4,121,0.2
2023-04-14T23:00,21.3,80,1017.1,100,29.2,114,0.2
2023-04-15T00:00,20.8,83,1018.3,100,32.9,119,0.2
2023-04-15T01:00,21.0,80,1018.4,100,32.0,116,0.2
2023-04-15T02:00,21.1,78,1018.4,100,30.5,107,0.1
2023-04-15T03:00,21.6,72,1018.2,100,25.5,106,0.0
2023-04-15T04:00,22.0,69,1017.9,100,22.0,105,0.0
2023-04-15T05:00,22.5,64,1017.6,100,20.6,115,0.0
2023-04-15T06:00,22.3,64,1017.2,100,21.3,118,0.0
2023-04-15T07:00,22.2,64,1017.0,100,21.4,117,0.0
2023-04-15T08:00,22.2,64,1017.1,100,19.3,117,0.0
2023-04-15T09:00,22.5,61,1017.7,93,16.3,115,0.0
2023-04-15T10:00,22.6,62,1018.3,100,16.9,119,0.0
2023-04-15T11:00,22.5,61,1018.7,100,16.8,125,0.0
2023-04-15T12:00,23.2,60,1019.0,100,14.0,113,0.0
2023-04-15T13:00,23.2,62,1019.4,100,14.8,104,0.0
2023-04-15T14:00,22.8,65,1019.8,100,10.1,92,0.1
2023-04-15T15:00,22.8,63,1019.3,100,1.8,90,0.0
2023-04-15T16:00,22.6,64,1018.6,100,7.2,117,0.0
2023-04-15T17:00,22.0,73,1018.2,100,15.1,108,0.0
2023-04-15T18:00,22.0,74,1017.8,100,16.3,96,0.0
2023-04-15T19:00,22.5,71,1017.7,64,16.9,78,0.0
2023-04-15T20:00,22.9,68,1017.8,73,15.5,72,0.0
2023-04-15T21:00,23.0,67,1018.1,100,17.9,71,0.0
2023-04-15T22:00,22.9,69,1018.3,100,21.9,73,0.0
2023-04-15T23:00,22.4,72,1019.0,100,22.8,72,0.0
2023-04-16T00:00,21.8,79,1019.8,100,22.7,57,0.1
2023-04-16T01:00,22.0,76,1019.8,100,24.7,61,0.8
2023-04-16T02:00,21.9,78,1019.3,99,26.7,61,0.3
2023-04-16T03:00,22.1,75,1018.8,100,27.4,57,0.0
2023-04-16T04:00,22.4,74,1018.5,100,25.9,52,0.0
2023-04-16T05:00,22.8,71,1017.8,95,24.5,41,0.0
2023-04-16T06:00,22.9,72,1017.1,100,30.0,30,0.0
2023-04-16T07:00,22.8,73,1016.5,98,29.0,30,0.0
2023-04-16T08:00,22.9,73,1016.2,94,29.3,25,0.0
2023-04-16T09:00,23.0,73,1016.4,82,29.7,23,0.0
2023-04-16T10:00,22.6,76,1016.7,45,29.4,11,0.0
2023-04-16T11:00,22.4,79,1017.1,58,27.6,8,0.0
2023-04-16T12:00,22.9,77,1017.5,97,26.1,11,0.0
2023-04-16T13:00,23.0,78,1016.9,100,27.9,25,0.0
2023-04-16T14:00,23.1,78,1016.2,100,31.3,30,0.0
2023-04-16T15:00,23.1,79,1015.1,82,33.9,34,0.0
2023-04-16T16:00,23.2,80,1013.9,35,36.6,33,0.0
2023-04-16T17:00,23.2,80,1012.5,19,38.1,34,0.0
2023-04-16T18:00,23.4,81,1011.6,69,37.9,33,0.0
2023-04-16T19:00,23.5,81,1011.2,96,38.1,34,0.0
2023-04-16T20:00,23.3,84,1010.7,78,38.8,29,0.0
2023-04-16T21:00,23.2,86,1010.5,99,40.4,27,0.0
2023-04-16T22:00,23.2,86,1010.3,100,40.5,22,0.0
2023-04-16T23:00,23.3,86,1010.5,100,39.5,19,0.0
2023-04-17T00:00,23.6,84,1010.3,100,38.1,11,0.0
2023-04-17T01:00,23.5,83,1010.4,100,38.7,5,0.0
2023-04-17T02:00,23.0,84,1009.8,100,38.3,5,0.0
2023-04-17T03:00,23.0,85,1009.5,100,30.9,352,0.8
2023-04-17T04:00,22.8,87,1009.0,100,28.3,353,3.0
2023-04-17T05:00,22.6,88,1008.2,100,28.5,356,3.9
2023-04-17T06:00,22.8,88,1007.1,92,23.8,1,1.8
2023-04-17T07:00,22.8,89,1006.9,79,18.6,350,0.0
2023-04-17T08:00,22.9,89,1006.5,49,16.6,356,0.0
2023-04-17T09:00,22.8,88,1006.7,39,7.3,303,0.0
2023-04-17T10:00,22.7,86,1006.9,0,11.3,211,0.0
2023-04-17T11:00,22.9,84,1007.1,3,15.1,192,0.0
2023-04-17T12:00,23.0,87,1007.5,50,23.8,183,0.0
2023-04-17T13:00,22.6,89,1007.5,44,26.2,188,0.0
2023-04-17T14:00,22.5,87,1007.1,58,28.1,199,0.1
2023-04-17T15:00,22.6,84,1006.4,28,31.0,198,0.0
2023-04-17T16:00,22.6,83,1005.7,37,32.9,198,0.0
2023-04-17T17:00,22.9,80,1005.1,17,31.3,197,0.0
2023-04-17T18:00,22.8,81,1004.2,46,32.7,191,0.0
2023-04-17T19:00,22.6,81,1004.3,100,34.9,192,0.0
2023-04-17T20:00,22.1,82,1004.4,100,39.7,189,0.1
2023-04-17T21:00,21.9,81,1005.1,100,40.8,189,0.0
2023-04-17T22:00,22.0,79,1005.9,100,37.6,190,0.1
2023-04-17T23:00,22.0,78,1006.5,100,34.0,190,0.1
2023-04-18T00:00,22.5,73,1006.8,100,33.8,194,0.3
2023-04-18T01:00,22.5,72,1006.7,100,28.4,200,0.0
2023-04-18T02:00,22.5,72,1006.4,70,29.3,201,0.0
2023-04-18T03:00,22.1,73,1006.1,100,26.0,217,0.0
2023-04-18T04:00,21.9,76,1005.7,100,22.7,224,0.1
2023-04-18T05:00,21.4,79,1005.5,100,20.2,230,0.1
2023-04-18T06:00,20.7,83,1005.0,100,19.4,235,0.3
2023-04-18T07:00,20.4,85,1005.0,100,20.1,241,0.1
2023-04-18T08:00,20.4,84,1004.9,63,17.7,241,0.0
2023-04-18T09:00,20.1,86,1005.6,100,23.7,250,0.0
2023-04-18T10:00,20.5,85,1005.6,100,19.9,226,0.0
2023-04-18T11:00,20.3,87,1006.6,77,22.6,239,0.4
2023-04-18T12:00,20.5,87,1006.7,99,16.1,230,0.1
2023-04-18T13:00,20.5,86,1006.7,100,17.7,231,0.3
2023-04-18T14:00,20.6,82,1006.5,99,17.6,221,0.3
2023-04-18T15:00,20.8,82,1005.6,64,11.6,210,0.1
2023-04-18T16:00,21.0,80,1004.7,84,10.5,186,0.0
2023-04-18T17:00,21.4,79,1003.6,81,10.0,165,0.0
2023-04-18T18:00,21.6,77,1002.8,47,14.2,159,0.0
2023-04-18T19:00,21.5,77,1002.8,93,14.3,155,0.0
2023-04-18T20:00,21.7,76,1002.8,100,13.4,144,0.0
2023-04-18T21:00,21.2,77,1003.4,100,12.1,150,0.2
2023-04-18T22:00,21.3,77,1004.1,100,8.4,149,0.7
2023-04-18T23:00,21.5,76,1004.5,100,8.7,187,0.3
2023-04-19T00:00,20.5,78,1005.1,100,13.0,222,0.8
2023-04-19T01:00,20.0,82,1005.3,27,16.1,220,0.1
2023-04-19T02:00,20.2,79,1004.9,8,10.9,253,0.0
2023-04-19T03:00,20.4,80,1004.7,0,14.8,269,0.0
2023-04-19T04:00,20.3,81,1004.6,0,18.0,268,0.0
2023-04-19T05:00,20.4,80,1004.1,0,20.2,268,0.0
2023-04-19T06:00,20.4,81,1003.5,0,19.8,270,0.0
2023-04-19T07:00,20.2,83,1003.5,1,17.2,281,0.0
2023-04-19T08:00,20.0,82,1003.6,0,15.3,279,0.0
2023-04-19T09:00,19.6,80,1004.5,2,17.6,270,0.0
2023-04-19T10:00,19.7,72,1005.1,1,21.1,245,0.0
2023-04-19T11:00,20.1,66,1006.1,35,23.6,236,0.0
2023-04-19T12:00,19.7,66,1007.6,68,26.3,237,0.0
2023-04-19T13:00,20.1,57,1007.9,50,18.7,240,0.0
2023-04-19T14:00,20.3,48,1007.4,36,17.1,229,0.0
2023-04-19T15:00,20.4,49,1006.5,16,14.7,234,0.0
2023-04-19T16:00,20.5,50,1005.9,39,9.2,291,0.0
2023-04-19T17:00,21.9,39,1005.2,100,3.4,302,0.0
2023-04-19T18:00,22.8,37,1004.7,87,14.3,298,0.0
2023-04-19T19:00,22.5,41,1005.2,98,32.4,267,0.0
2023-04-19T20:00,22.2,45,1005.8,66,34.4,264,0.0
2023-04-19T21:00,21.1,51,1006.7,44,35.6,234,0.1
2023-04-19T22:00,20.8,51,1007.3,19,35.6,224,0.0
2023-04-19T23:00,20.6,49,1008.5,100,33.5,237,0.0
2023-04-20T00:00,19.6,54,1010.3,61,29.8,247,0.0
2023-04-20T01:00,19.0,58,1010.9,68,27.7,268,0.0
2023-04-20T02:00,19.0,54,1011.3,1,28.8,269,0.0
2023-04-20T03:00,18.8,55,1011.4,0,34.6,261,0.0
2023-04-20T04:00,18.4,58,1011.2,0,36.5,257,0.0
2023-04-20T05:00,18.1,60,1011.1,0,41.9,254,0.0
2023-04-20T06:00,17.8,62,1011.3,1,43.5,251,0.0
2023-04-20T07:00,17.7,63,1011.4,1,41.3,250,0.0
2023-04-20T08:00,17.5,63,1012.0,3,38.2,247,0.0
2023-04-20T09:00,17.5,63,1012.4,1,36.2,243,0.0
2023-04-20T10:00,17.5,64,1013.7,1,36.2,242,0.0
2023-04-20T11:00,17.5,65,1015.0,3,34.7,246,0.0
2023-04-20T12:00,17.4,67,1016.5,1,32.2,248,0.0
2023-04-20T13:00,18.0,64,1017.0,1,31.4,240,0.0
2023-04-20T14:00,18.8,62,1017.5,0,33.4,233,0.0
2023-04-20T15:00,19.4,62,1017.7,0,33.6,225,0.0
2023-04-20T16:00,19.8,63,1017.5,1,34.3,219,0.0
2023-04-20T17:00,20.1,64,1017.4,0,33.7,215,0.0
2023-04-20T18:00,20.2,66,1017.2,1,39.0,209,0.0
2023-04-20T19:00,20.3,68,1017.4,0,41.1,207,0.0
2023-04-20T20:00,20.9,64,1017.7,0,40.0,204,0.0
2023-04-20T21:00,21.2,63,1018.2,0,40.5,202,0.0
2023-04-20T22:00,21.6,61,1018.6,0,38.4,200,0.0
2023-04-20T23:00,21.6,63,1019.2,2,39.2,197,0.0
2023-04-21T00:00,21.6,63,1020.0,0,32.2,202,0.0
2023-04-21T01:00,21.5,63,1020.8,42,31.6,212,0.0
2023-04-21T02:00,20.9,67,1021.1,100,27.6,230,0.0
2023-04-21T03:00,20.0,74,1020.9,95,26.3,251,0.0
2023-04-21T04:00,19.6,74,1020.5,76,26.0,251,0.0
2023-04-21T05:00,19.6,73,1020.2,62,24.1,248,0.0
2023-04-21T06:00,19.4,72,1019.5,60,20.5,246,0.0
2023-04-21T07:00,19.2,72,1019.2,80,18.1,247,0.0
2023-04-21T08:00,19.0,72,1019.1,61,18.3,254,0.0
2023-04-21T09:00,18.9,73,1019.3,56,16.9,250,0.0
2023-04-21T10:00,18.8,73,1020.1,48,19.6,264,0.0
2023-04-21T11:00,18.9,72,1021.0,68,21.5,261,0.0
2023-04-21T12:00,19.1,71,1022.0,46,20.5,255,0.0
2023-04-21T13:00,19.2,72,1022.6,57,19.8,245,0.0
2023-04-21T14:00,19.5,74,1022.7,54,15.8,240,0.0
2023-04-21T15:00,20.0,74,1022.3,25,12.0,231,0.0
2023-04-21T16:00,20.0,74,1021.6,32,7.9,231,0.0
2023-04-21T17:00,20.0,75,1020.7,21,4.6,219,0.0
2023-04-21T18:00,20.1,75,1020.0,19,4.7,184,0.0
2023-04-21T19:00,20.5,75,1020.1,22,4.1,165,0.0
2023-04-21T20:00,21.0,75,1020.1,40,6.3,114,0.0
2023-04-21T21:00,21.4,73,1019.9,28,11.7,81,0.0
2023-04-21T22:00,21.7,71,1019.9,25,15.3,63,0.0
2023-04-21T23:00,22.0,69,1020.4,19,17.2,57,0.0
2023-04-22T00:00,21.8,74,1020.9,16,10.7,45,0.0
2023-04-22T01:00,22.6,63,1021.0,30,13.8,43,0.0
2023-04-22T02:00,23.1,58,1020.9,17,17.1,42,0.0
2023-04-22T03:00,23.0,60,1020.7,25,18.1,31,0.0
2023-04-22T04:00,22.6,64,1020.8,24,15.2,22,0.0
2023-04-22T05:00,22.5,65,1020.5,21,10.5,16,0.0
2023-04-22T06:00,22.2,70,1020.0,23,9.4,353,0.0
2023-04-22T07:00,21.6,78,1020.0,3,11.2,303,0.0
2023-04-22T08:00,20.8,83,1020.1,4,14.6,280,0.0
2023-04-22T09:00,20.8,80,1020.4,0,14.2,277,0.0
2023-04-22T10:00,21.0,77,1021.0,0,11.9,299,0.0
2023-04-22T11:00,21.3,75,1021.3,0,8.2,337,0.0
2023-04-22T12:00,22.0,75,1021.9,0,5.9,346,0.0
2023-04-22T13:00,22.0,75,1022.0,4,3.1,306,0.0
2023-04-22T14:00,22.0,75,1022.0,0,1.8,270,0.0
2023-04-22T15:00,22.2,74,1021.3,8,0.7,90,0.0
2023-04-22T16:00,22.7,72,1020.6,19,6.1,90,0.0
2023-04-22T17:00,23.1,69,1019.8,21,10.7,76,0.0
2023-04-22T18:00,23.4,66,1019.5,8,11.7,72,0.0
2023-04-22T19:00,23.8,64,1019.7,8,15.0,66,0.0
2023-04-22T20:00,23.6,67,1019.9,64,17.7,61,0.0
2023-04-22T21:00,23.5,69,1020.1,17,18.6,54,0.0
2023-04-22T22:00,23.5,69,1020.3,4,20.2,55,0.0
2023-04-22T23:00,23.5,68,1020.8,9,20.2,59,0.0
2023-04-23T00:00,23.0,71,1021.4,25,16.3,59,0.0
2023-04-23T01:00,22.8,71,1021.6,63,13.9,59,0.0
2023-04-23T02:00,22.8,71,1021.6,16,11.4,55,0.0
2023-04-23T03:00,22.5,73,1021.7,12,14.5,44,0.0
2023-04-23T04:00,22.5,72,1021.6,9,11.0,52,0.0
2023-04-23T05:00,22.5,72,1021.4,17,12.3,58,0.0
2023-04-23T06:00,22.5,72,1020.7,7,13.9,59,0.1
2023-04-23T07:00,22.5,72,1020.4,1,12.9,72,0.0
2023-04-23T08:00,22.5,72,1020.5,4,12.6,87,0.0
2023-04-23T09:00,22.6,72,1020.9,10,11.4,62,0.0
2023-04-23T10:00,22.6,70,1021.7,21,10.2,51,0.0
2023-04-23T11:00,22.4,70,1022.5,21,7.4,39,0.0
2023-04-23T12:00,21.2,85,1023.3,17,5.7,305,0.0
2023-04-23T13:00,21.2,86,1023.4,29,5.1,278,0.0
2023-04-23T14:00,21.6,84,1023.2,9,4.5,256,0.0
2023-04-23T15:00,22.0,80,1022.7,18,3.1,306,0.0
2023-04-23T16:00,22.4,77,1022.0,8,3.3,354,0.0
2023-04-23T17:00,22.7,75,1021.5,7,6.5,34,0.0
2023-04-23T18:00,23.3,69,1020.9,14,14.5,55,0.0
2023-04-23T19:00,23.5,69,1020.9,61,18.1,59,0.0
2023-04-23T20:00,23.3,71,1021.2,82,17.7,61,0.0
2023-04-23T21:00,23.6,69,1021.2,33,18.8,61,0.0
2023-04-23T22:00,24.0,67,1021.5,84,22.1,60,0.0
2023-04-23T23:00,22.4,80,1022.2,100,25.2,37,0.1
2023-04-24T00:00,22.7,76,1022.3,84,24.0,60,0.1
2023-04-24T01:00,22.0,80,1022.7,100,26.5,43,0.3
2023-04-24T02:00,22.2,78,1022.9,95,25.7,42,0.3
2023-04-24T03:00,22.0,80,1022.7,90,19.5,38,0.1
2023-04-24T04:00,21.5,83,1022.7,100,23.7,26,0.3
2023-04-24T05:00,21.5,84,1022.1,87,20.4,26,0.1
2023-04-24T06:00,21.6,84,1021.4,74,18.2,30,0.0
2023-04-24T07:00,21.8,80,1021.2,79,20.2,31,0.1
2023-04-24T08:00,21.9,81,1021.3,73,17.7,38,0.1
2023-04-24T09:00,22.0,80,1021.7,46,15.8,30,0.0
2023-04-24T10:00,22.1,81,1022.2,52,13.2,29,0.0
2023-04-24T11:00,22.0,82,1022.6,90,12.6,27,0.0
2023-04-24T12:00,22.0,78,1023.3,94,9.3,36,0.1
2023-04-24T13:00,22.4,78,1023.5,48,12.2,45,0.0
2023-04-24T14:00,22.5,78,1023.3,26,14.3,51,0.0
2023-04-24T15:00,22.7,77,1022.7,11,16.5,46,0.0
2023-04-24T16:00,22.7,76,1022.3,17,17.1,42,0.0
2023-04-24T17:00,22.9,76,1021.6,13,18.9,48,0.0
2023-04-24T18:00,23.0,76,1020.9,20,20.6,47,0.0
2023-04-24T19:00,23.2,75,1020.8,25,21.7,40,0.0
2023-04-24T20:00,23.4,74,1020.9,38,20.7,39,0.0
2023-04-24T21:00,23.4,74,1021.0,44,19.2,40,0.0
2023-04-24T22:00,23.5,73,1021.0,55,19.9,41,0.0
2023-04-24T23:00,23.5,73,1021.2,95,21.0,39,0.0
2023-04-25T00:00,23.4,72,1021.2,22,20.3,53,0.0
2023-04-25T01:00,23.4,72,1021.2,9,21.7,50,0.0
2023-04-25T02:00,23.4,72,1021.4,9,22.7,41,0.0
2023-04-25T03:00,23.3,73,1021.1,9,23.0,35,0.0
2023-04-25T04:00,23.2,73,1020.7,12,23.6,31,0.0
2023-04-25T05:00,23.2,74,1020.3,22,23.7,24,0.0
2023-04-25T06:00,23.0,74,1019.6,23,23.6,21,0.0
2023-04-25T07:00,22.8,76,1019.1,26,23.7,20,0.1
2023-04-25T08:00,22.5,78,1019.1,17,23.7,14,0.0
2023-04-25T09:00,22.4,79,1019.5,13,22.7,15,0.0
2023-04-25T10:00,22.4,79,1019.8,27,23.2,24,0.0
2023-04-25T11:00,22.4,80,1020.0,89,23.5,25,0.0
2023-04-25T12:00,22.5,81,1021.1,99,22.4,15,0.0
2023-04-25T13:00,22.3,83,1021.0,100,21.6,30,0.0
2023-04-25T14:00,22.4,83,1020.7,100,24.0,40,0.0
2023-04-25T15:00,22.4,84,1019.7,84,27.6,49,0.0
2023-04-25T16:00,22.5,83,1018.9,95,27.8,50,0.0
2023-04-25T17:00,22.6,83,1018.0,100,29.6,50,0.0
2023-04-25T18:00,22.8,82,1017.1,91,31.4,49,0.0
2023-04-25T19:00,22.6,83,1017.1,11,32.6,49,0.0
2023-04-25T20:00,22.9,83,1017.0,10,33.3,45,0.0
2023-04-25T21:00,23.0,83,1016.9,2,34.9,43,0.0
2023-04-25T22:00,23.1,83,1017.0,55,33.9,37,0.0
2023-04-25T23:00,23.3,82,1017.1,100,35.6,36,0.0
2023-04-26T00:00,23.3,82,1016.9,100,31.5,39,0.0
2023-04-26T01:00,23.4,81,1016.9,100,32.1,35,0.0
2023-04-26T02:00,23.3,81,1016.6,100,34.4,34,0.0
2023-04-26T03:00,23.0,83,1016.3,100,33.8,22,0.0
2023-04-26T04:00,22.9,84,1015.5,100,30.8,21,0.0
2023-04-26T05:00,22.7,84,1015.1,100,28.6,17,0.0
2023-04-26T06:00,22.5,83,1014.4,100,28.9,21,0.0
2023-04-26T07:00,22.8,78,1013.7,100,31.1,16,0.0
2023-04-26T08:00,22.5,82,1012.9,100,32.6,22,0.0
2023-04-26T09:00,22.9,80,1013.0,100,37.3,15,0.0
2023-04-26T10:00,22.6,80,1013.3,100,34.6,9,0.0
2023-04-26T11:00,21.8,83,1014.0,100,34.4,350,0.2
2023-04-26T12:00,22.1,83,1014.2,100,25.8,12,4.3
2023-04-26T13:00,22.1,83,1014.4,100,21.4,7,0.4
2023-04-26T14:00,22.4,82,1014.1,100,20.5,22,0.1
2023-04-26T15:00,22.8,78,1013.3,100,16.6,4,0.0
2023-04-26T16:00,22.9,77,1012.6,18,7.7,323,0.0
2023-04-26T17:00,22.5,79,1012.0,18,10.9,224,0.0
2023-04-26T18:00,21.9,84,1011.3,24,10.1,186,0.0
2023-04-26T19:00,21.5,86,1011.5,19,6.2,144,0.0
2023-04-26T20:00,21.5,86,1011.5,27,6.2,159,0.0
2023-04-26T21:00,21.5,86,1011.8,38,8.7,197,0.0
2023-04-26T22:00,21.5,84,1012.3,85,15.3,236,0.3
2023-04-26T23:00,20.2,90,1012.6,55,20.9,225,0.1
2023-04-27T00:00,22.0,84,1012.5,28,18.5,243,0.0
2023-04-27T01:00,21.1,88,1012.9,21,18.2,261,0.0
2023-04-27T02:00,20.7,88,1012.9,12,22.7,216,0.0
2023-04-27T03:00,20.7,87,1012.7,11,16.4,213,0.0
2023-04-27T04:00,20.7,87,1012.3,2,16.6,240,0.0
2023-04-27T05:00,20.5,88,1012.1,2,15.9,257,0.0
2023-04-27T06:00,20.4,87,1011.7,0,16.9,269,0.0
2023-04-27T07:00,20.5,85,1011.7,0,18.0,268,0.0
2023-04-27T08:00,20.4,85,1011.7,1,21.5,260,0.0
2023-04-27T09:00,20.5,84,1012.0,1,22.9,254,0.0
2023-04-27T10:00,20.7,82,1012.6,2,23.7,250,0.0
2023-04-27T11:00,20.8,80,1013.2,2,23.6,249,0.0
2023-04-27T12:00,21.4,77,1013.8,0,26.4,242,0.0
2023-04-27T13:00,21.8,73,1014.0,2,25.4,238,0.0
2023-04-27T14:00,22.1,69,1013.8,1,26.8,230,0.0
2023-04-27T15:00,22.2,69,1013.6,0,28.3,220,0.0
2023-04-27T16:00,22.0,72,1013.2,1,30.1,209,0.0
2023-04-27T17:00,21.8,78,1012.9,0,33.5,207,0.0
2023-04-27T18:00,22.0,78,1012.6,0,35.3,206,0.0
2023-04-27T19:00,22.3,76,1013.0,0,34.6,202,0.0
2023-04-27T20:00,22.5,76,1013.0,0,35.4,197,0.0
2023-04-27T21:00,22.5,76,1013.4,0,33.8,199,0.0
2023-04-27T22:00,22.5,77,1013.8,0,31.3,204,0.0
2023-04-27T23:00,22.6,76,1014.7,5,30.3,205,0.0
2023-04-28T00:00,22.2,72,1015.7,22,29.6,207,0.0
2023-04-28T01:00,22.0,76,1016.2,65,28.4,216,0.2
2023-04-28T02:00,21.7,77,1016.2,37,28.4,213,0.3
2023-04-28T03:00,21.8,76,1016.0,44,30.2,216,0.3
2023-04-28T04:00,21.9,75,1016.0,30,31.6,222,0.3
2023-04-28T05:00,22.0,72,1015.9,22,32.1,222,0.0
2023-04-28T06:00,22.0,72,1015.7,57,31.6,223,0.0
2023-04-28T07:00,21.6,73,1015.7,56,29.3,225,0.0
2023-04-28T08:00,21.2,77,1015.9,73,26.7,227,0.0
2023-04-28T09:00,20.9,81,1016.6,86,23.1,236,0.0
2023-04-28T10:00,20.4,84,1017.2,97,22.4,244,0.0
2023-04-28T11:00,20.1,84,1017.9,85,22.8,252,0.0
2023-04-28T12:00,20.5,78,1018.9,65,20.1,249,0.0
2023-04-28T13:00,21.0,75,1019.1,99,20.0,244,0.0
2023-04-28T14:00,21.4,73,1019.1,97,20.4,229,0.0
2023-04-28T15:00,21.5,73,1018.9,89,20.2,215,0.0
2023-04-28T16:00,21.4,74,1018.2,72,21.3,208,0.0
2023-04-28T17:00,21.6,73,1017.8,89,20.5,204,0.0
2023-04-28T18:00,21.9,70,1017.5,3,16.9,192,0.0
2023-04-28T19:00,22.2,63,1017.7,4,16.9,181,0.0
2023-04-28T20:00,22.5,58,1017.8,5,18.6,171,0.0
2023-04-28T21:00,22.5,56,1018.0,2,16.9,164,0.0
2023-04-28T22:00,22.5,56,1018.2,11,14.0,157,0.0
2023-04-28T23:00,22.6,55,1018.9,20,10.8,154,0.0
2023-04-29T00:00,22.6,56,1019.6,21,8.5,152,0.0
2023-04-29T01:00,22.6,56,1019.7,59,7.8,146,0.0
2023-04-29T02:00,22.5,56,1019.6,27,6.6,135,0.0
2023-04-29T03:00,22.4,57,1019.3,14,5.3,118,0.0
2023-04-29T04:00,22.1,57,1019.2,12,3.2,90,0.0
2023-04-29T05:00,21.9,58,1018.9,8,3.8,17,0.0
2023-04-29T06:00,21.6,62,1018.5,17,4.8,347,0.0
2023-04-29T07:00,21.4,64,1018.3,1,3.7,331,0.0
2023-04-29T08:00,21.6,62,1018.2,0,3.2,27,0.0
2023-04-29T09:00,21.9,60,1018.4,0,8.2,38,0.0
2023-04-29T10:00,21.9,61,1018.7,0,12.6,31,0.0
2023-04-29T11:00,21.9,63,1019.1,2,15.6,26,0.0
2023-04-29T12:00,21.8,67,1020.3,6,12.4,17,0.0
2023-04-29T13:00,21.8,68,1020.5,11,13.7,23,0.0
2023-04-29T14:00,21.8,67,1020.3,3,15.2,36,0.0
2023-04-29T15:00,22.0,67,1019.9,2,18.9,42,0.0
2023-04-29T16:00,22.2,68,1018.9,9,23.6,51,0.0
2023-04-29T17:00,22.1,70,1018.2,3,25.4,52,0.0
2023-04-29T18:00,22.5,70,1017.8,1,25.8,50,0.0
2023-04-29T19:00,22.5,71,1017.7,0,28.7,51,0.0
2023-04-29T20:00,22.9,70,1017.6,0,31.6,49,0.0
2023-04-29T21:00,23.0,70,1017.5,0,34.5,39,0.0
2023-04-29T22:00,23.0,71,1017.8,0,34.3,33,0.0
2023-04-29T23:00,23.1,71,1018.4,0,33.3,26,0.0
2023-04-30T00:00,23.5,70,1019.1,8,32.2,18,0.0
2023-04-30T01:00,23.0,75,1019.4,0,35.2,14,0.0
2023-04-30T02:00,22.8,76,1019.5,0,34.1,14,0.0
2023-04-30T03:00,22.7,76,1019.3,4,34.3,13,0.0
2023-04-30T04:00,22.6,76,1018.8,1,33.6,10,0.0
2023-04-30T05:00,22.4,78,1018.5,0,31.0,9,0.0
2023-04-30T06:00,22.5,77,1017.9,1,29.4,11,0.0
2023-04-30T07:00,22.5,75,1017.6,0,31.3,12,0.0
2023-04-30T08:00,22.5,75,1017.1,0,32.7,11,0.0
2023-04-30T09:00,22.6,75,1017.2,1,36.4,12,0.0
2023-04-30T10:00,22.6,75,1017.6,0,36.0,12,0.0
2023-04-30T11:00,22.6,74,1017.9,1,34.9,11,0.0
2023-04-30T12:00,22.9,75,1018.8,0,31.4,10,0.0
2023-04-30T13:00,23.0,74,1018.9,0,30.5,12,0.0
2023-04-30T14:00,23.2,74,1018.6,3,32.0,17,0.0
2023-04-30T15:00,23.3,74,1018.0,20,33.3,26,0.0
2023-04-30T16:00,23.5,73,1016.8,19,38.0,33,0.0
2023-04-30T17:00,23.6,75,1015.8,4,40.6,32,0.0
2023-04-30T18:00,23.7,76,1015.2,3,40.8,33,0.0
2023-04-30T19:00,23.5,79,1015.1,3,41.2,34,0.0
2023-04-30T20:00,23.4,80,1014.7,1,41.6,32,0.0
2023-04-30T21:00,23.4,80,1014.8,0,40.7,27,0.0
2023-04-30T22:00,23.3,81,1015.2,0,39.2,22,0.0
2023-04-30T23:00,23.5,79,1015.8,0,39.7,18,0.0
2023-05-01T00:00,23.1,83,1016.0,0,37.1,16,0.0
2023-05-01T01:00,23.1,82,1016.1,0,37.6,15,0.0
2023-05-01T02:00,23.1,82,1016.1,0,37.7,13,0.0
2023-05-01T03:00,23.0,82,1016.0,0,36.6,10,0.0
2023-05-01T04:00,22.9,83,1015.8,1,32.8,9,0.0
2023-05-01T05:00,23.0,80,1015.5,0,31.1,5,0.0
2023-05-01T06:00,22.9,79,1015.1,0,27.8,4,0.0
2023-05-01T07:00,22.8,79,1014.6,0,26.0,5,0.0
2023-05-01T08:00,22.9,78,1014.4,0,24.9,4,0.0
2023-05-01T09:00,22.6,80,1014.7,0,20.2,360,0.0
2023-05-01T10:00,22.4,81,1014.9,0,16.2,4,0.0
2023-05-01T11:00,22.2,82,1015.4,0,11.5,356,0.0
2023-05-01T12:00,22.0,83,1016.1,0,10.5,266,0.0
2023-05-01T13:00,22.0,81,1016.1,0,5.9,256,0.0
2023-05-01T14:00,22.2,80,1015.9,0,1.6,243,0.0
2023-05-01T15:00,22.5,78,1015.4,0,4.9,144,0.0
2023-05-01T16:00,22.5,81,1014.8,0,7.4,113,0.0
2023-05-01T17:00,22.8,83,1014.4,0,8.5,126,0.0
2023-05-01T18:00,23.1,80,1014.1,0,7.4,129,0.0
2023-05-01T19:00,23.4,78,1014.1,0,6.1,140,0.0
2023-05-01T20:00,23.3,80,1014.2,74,12.0,187,0.0
2023-05-01T21:00,23.2,80,1014.3,94,10.8,178,0.0
2023-05-01T22:00,23.2,79,1014.8,99,11.9,194,0.0
2023-05-01T23:00,23.1,80,1015.5,83,17.8,212,0.0
2023-05-02T00:00,23.0,83,1016.3,82,17.2,191,0.0
2023-05-02T01:00,23.0,83,1016.4,100,14.8,183,0.0
2023-05-02T02:00,22.5,84,1016.5,46,13.8,219,0.1
2023-05-02T03:00,21.1,90,1016.7,100,22.9,237,0.7
2023-05-02T04:00,21.5,87,1016.4,82,14.5,243,0.4
2023-05-02T05:00,21.5,89,1016.0,100,17.9,251,0.0
2023-05-02T06:00,21.4,90,1015.5,100,19.5,251,0.0
2023-05-02T07:00,21.5,89,1014.9,79,17.9,248,0.0
2023-05-02T08:00,21.6,90,1014.8,100,17.6,247,0.0
2023-05-02T09:00,21.5,90,1014.9,100,15.1,245,0.0
2023-05-02T10:00,21.5,90,1015.1,93,15.9,245,0.0
2023-05-02T11:00,21.5,91,1015.4,100,12.8,248,0.0
2023-05-02T12:00,21.5,91,1016.3,98,14.4,248,0.0
2023-05-02T13:00,21.9,89,1016.3,22,11.1,234,0.0
2023-05-02T14:00,22.0,88,1016.2,48,8.1,225,0.0
2023-05-02T15:00,22.0,88,1015.5,7,7.2,186,0.0
2023-05-02T16:00,22.0,89,1014.6,5,7.9,177,0.0
2023-05-02T17:00,22.2,88,1013.6,19,10.1,176,0.0
2023-05-02T18:00,22.6,87,1013.5,59,11.0,161,0.0
2023-05-02T19:00,22.8,86,1013.7,100,12.0,129,0.0
2023-05-02T20:00,22.8,85,1014.1,100,10.8,127,0.0
2023-05-02T21:00,22.7,84,1014.2,100,8.0,126,0.0
2023-05-02T22:00,22.7,83,1014.4,100,8.0,108,0.0
2023-05-02T23:00,22.8,83,1014.9,100,5.7,72,0.0
2023-05-03T00:00,22.4,86,1015.3,100,7.7,139,0.0
2023-05-03T01:00,22.4,86,1015.4,100,5.6,135,0.0
2023-05-03T02:00,22.4,86,1015.6,100,2.7,157,0.0
2023-05-03T03:00,22.2,87,1015.6,100,4.3,270,0.0
2023-05-03T04:00,22.0,88,1015.0,100,4.3,294,0.1
2023-05-03T05:00,22.0,89,1014.8,100,9.8,306,0.3
2023-05-03T06:00,21.8,90,1014.3,100,10.2,293,0.3
2023-05-03T07:00,21.7,89,1013.8,100,8.0,278,0.3
2023-05-03T08:00,21.6,89,1013.5,100,7.2,267,0.1
2023-05-03T09:00,21.5,89,1013.7,41,5.6,225,0.0
2023-05-03T10:00,21.5,89,1014.7,100,10.0,232,0.0
2023-05-03T11:00,21.3,91,1015.4,100,12.9,240,0.0
2023-05-03T12:00,21.4,90,1016.5,100,12.6,275,0.0
2023-05-03T13:00,21.9,88,1016.8,48,11.4,242,0.0
2023-05-03T14:00,22.2,85,1016.3,80,7.4,209,0.0
2023-05-03T15:00,22.2,86,1015.9,27,7.9,177,0.0
2023-05-03T16:00,22.2,87,1014.8,22,10.3,168,0.0
2023-05-03T17:00,22.4,87,1014.1,48,10.7,147,0.0
2023-05-03T18:00,22.6,86,1013.7,78,12.9,108,0.0
2023-05-03T19:00,22.9,85,1014.0,99,15.5,89,0.0
2023-05-03T20:00,22.9,86,1014.0,100,16.1,63,0.0
2023-05-03T21:00,23.0,86,1014.2,99,13.0,46,0.0
2023-05-03T22:00,23.0,86,1014.4,100,12.8,38,0.0
2023-05-03T23:00,23.0,86,1014.9,100,14.5,23,0.0
2023-05-04T00:00,23.2,82,1015.5,100,12.7,29,0.0
2023-05-04T01:00,23.0,84,1015.8,100,14.8,18,1.2
2023-05-04T02:00,23.0,87,1015.3,100,18.0,29,2.4
2023-05-04T03:00,23.0,87,1015.2,100,20.2,16,0.5
2023-05-04T04:00,22.8,81,1015.1,99,26.0,14,0.2
2023-05-04T05:00,22.8,79,1014.6,97,23.5,25,0.0
2023-05-04T06:00,22.9,85,1013.8,67,25.7,18,0.1
2023-05-04T07:00,22.9,86,1013.3,35,28.2,17,0.0
2023-05-04T08:00,22.8,83,1012.9,9,27.9,22,0.0
2023-05-04T09:00,22.8,85,1013.1,11,28.2,17,0.0
2023-05-04T10:00,22.9,85,1013.5,82,27.2,11,0.0
2023-05-04T11:00,23.0,83,1014.1,7,22.7,360,0.0
2023-05-04T12:00,23.0,86,1015.3,8,21.4,7,0.0
2023-05-04T13:00,23.1,84,1015.6,99,15.6,352,0.0
2023-05-04T14:00,23.2,81,1015.7,91,9.5,279,0.0
2023-05-04T15:00,23.1,82,1015.4,89,15.0,222,0.0
2023-05-04T16:00,22.5,86,1015.1,98,18.4,215,0.0
2023-05-04T17:00,22.6,88,1014.7,100,20.4,212,0.0
2023-05-04T18:00,22.9,87,1014.4,100,19.9,202,0.0
2023-05-04T19:00,22.9,89,1015.0,100,22.9,202,0.0
2023-05-04T20:00,22.9,88,1015.3,100,21.0,187,0.0
2023-05-04T21:00,23.0,87,1015.8,100,17.9,189,0.0
2023-05-04T22:00,23.1,86,1016.7,100,18.7,199,0.0
2023-05-04T23:00,23.1,86,1017.5,100,15.6,199,0.0
2023-05-05T00:00,23.1,87,1018.4,100,13.5,224,0.0
2023-05-05T01:00,23.0,88,1019.1,100,16.3,221,0.0
2023-05-05T02:00,22.9,90,1019.3,100,14.5,228,0.2
2023-05-05T03:00,22.4,93,1019.1,100,14.7,248,1.0
2023-05-05T04:00,22.2,92,1018.8,100,11.5,274,1.0
2023-05-05T05:00,22.1,90,1018.5,100,9.4,288,0.4
2023-05-05T06:00,22.1,89,1017.8,100,9.8,264,1.0
2023-05-05T07:00,22.0,89,1017.6,100,9.5,281,0.9
2023-05-05T08:00,22.0,89,1017.6,100,6.4,232,1.1
2023-05-05T09:00,22.0,90,1018.1,100,7.1,240,0.8
2023-05-05T10:00,22.0,90,1018.6,100,6.9,227,0.1
2023-05-05T11:00,22.1,90,1019.2,100,5.4,143,0.2
2023-05-05T12:00,22.5,89,1020.0,100,12.0,277,0.1
2023-05-05T13:00,22.4,88,1019.9,100,3.6,264,0.0
2023-05-05T14:00,22.4,89,1019.9,100,3.2,180,0.1
2023-05-05T15:00,22.6,90,1019.3,100,8.9,137,0.2
2023-05-05T16:00,23.0,91,1018.5,100,12.5,123,0.0
2023-05-05T17:00,23.0,90,1018.0,100,9.4,108,0.0
2023-05-05T18:00,23.2,90,1017.8,100,9.3,106,0.0
2023-05-05T19:00,23.4,88,1017.9,100,6.0,73,0.0
2023-05-05T20:00,23.3,88,1018.4,100,2.6,34,0.1
2023-05-05T21:00,23.2,88,1018.7,100,1.6,27,0.1
2023-05-05T22:00,23.3,89,1019.0,100,5.7,35,0.2
2023-05-05T23:00,23.4,89,1019.6,100,6.1,28,0.3
2023-05-06T00:00,22.8,90,1020.2,100,8.9,63,0.2
2023-05-06T01:00,22.6,91,1020.8,100,7.4,39,0.7
2023-05-06T02:00,22.5,92,1020.9,100,6.9,43,0.6
2023-05-06T03:00,22.5,90,1020.3,100,7.9,66,0.2
2023-05-06T04:00,22.7,89,1019.9,100,6.6,61,0.0
2023-05-06T05:00,22.8,90,1019.6,99,5.1,51,0.0
2023-05-06T06:00,22.6,92,1018.8,69,8.9,50,0.0
2023-05-06T07:00,22.6,93,1018.5,99,8.5,62,0.0
2023-05-06T08:00,22.7,92,1018.4,100,14.0,48,0.0
2023-05-06T09:00,22.9,91,1018.5,100,15.9,39,0.0
2023-05-06T10:00,23.0,90,1018.7,100,16.7,37,0.0
2023-05-06T11:00,23.1,90,1018.7,100,20.7,35,0.0
2023-05-06T12:00,23.1,93,1019.1,100,22.1,16,0.0
2023-05-06T13:00,23.1,93,1019.1,89,19.7,21,0.0
2023-05-06T14:00,23.2,92,1019.1,100,21.3,28,0.0
2023-05-06T15:00,23.3,91,1018.5,98,23.4,37,0.0
2023-05-06T16:00,23.4,92,1017.8,100,21.0,31,0.0
2023-05-06T17:00,23.4,93,1016.7,100,22.6,37,0.0
2023-05-06T18:00,23.5,92,1016.3,93,24.7,42,0.0
2023-05-06T19:00,23.5,90,1016.0,100,29.5,38,0.0
2023-05-06T20:00,23.5,91,1015.8,54,30.0,30,0.0
2023-05-06T21:00,23.5,91,1015.8,100,30.4,26,0.0
2023-05-06T22:00,23.6,91,1016.1,99,32.4,27,0.0
2023-05-06T23:00,23.6,91,1016.4,95,34.5,27,0.0
2023-05-07T00:00,23.6,92,1017.1,31,28.2,35,0.0
2023-05-07T01:00,23.5,94,1016.9,100,30.4,36,0.0
2023-05-07T02:00,23.5,93,1016.9,99,33.2,32,0.0
2023-05-07T03:00,23.5,93,1016.6,98,35.9,31,0.0
2023-05-07T04:00,23.5,92,1016.0,94,38.0,31,0.0
2023-05-07T05:00,23.5,92,1016.2,77,36.4,26,0.0
2023-05-07T06:00,23.4,92,1015.6,100,36.7,26,0.0
2023-05-07T07:00,23.2,91,1015.3,98,37.0,22,0.0
2023-05-07T08:00,23.2,90,1015.1,69,37.6,23,0.0
2023-05-07T09:00,23.2,90,1015.4,95,35.9,21,0.0
2023-05-07T10:00,23.2,90,1015.6,100,38.0,22,0.0
2023-05-07T11:00,23.0,90,1016.4,95,38.3,18,0.0
2023-05-07T12:00,23.6,90,1016.9,100,36.6,17,0.0
2023-05-07T13:00,23.8,89,1016.8,100,38.4,17,0.0
2023-05-07T14:00,24.3,85,1016.6,99,37.0,18,0.0
2023-05-07T15:00,24.3,85,1015.9,100,37.1,23,0.0
2023-05-07T16:00,24.4,85,1015.1,100,40.1,26,0.0
2023-05-07T17:00,24.4,85,1014.4,54,41.1,25,0.0
2023-05-07T18:00,24.5,84,1013.9,99,40.7,26,0.0
2023-05-07T19:00,24.4,87,1013.6,100,42.2,30,0.0
2023-05-07T20:00,24.4,86,1013.4,100,43.5,29,0.0
2023-05-07T21:00,24.5,83,1013.6,100,45.5,21,0.0
2023-05-07T22:00,24.2,84,1013.9,100,46.0,19,0.0
2023-05-07T23:00,23.8,90,1014.4,100,45.1,17,0.0
2023-05-08T00:00,23.8,90,1014.6,100,42.1,18,0.0
2023-05-08T01:00,24.0,87,1014.8,100,45.9,15,0.0
2023-05-08T02:00,23.9,88,1014.8,100,43.5,14,0.0
2023-05-08T03:00,24.0,87,1014.5,100,42.9,15,0.0
2023-05-08T04:00,23.9,88,1014.6,57,41.1,16,0.0
2023-05-08T05:00,23.9,88,1014.4,63,39.9,15,0.0
2023-05-08T06:00,23.6,88,1014.0,96,36.2,10,0.0
2023-05-08T07:00,24.0,85,1013.7,100,34.6,9,0.0
2023-05-08T08:00,23.9,87,1013.5,100,35.2,8,0.2
2023-05-08T09:00,23.9,87,1013.5,100,36.1,4,1.3
2023-05-08T10:00,23.8,89,1013.9,100,33.4,7,0.4
2023-05-08T11:00,23.7,89,1014.7,100,25.2,2,0.1
2023-05-08T12:00,23.7,88,1015.6,98,23.4,4,0.0
2023-05-08T13:00,23.6,90,1015.9,98,15.3,352,0.1
2023-05-08T14:00,23.7,89,1015.8,65,7.1,300,0.0
2023-05-08T15:00,22.5,90,1015.9,83,37.6,190,0.0
2023-05-08T16:00,22.4,88,1015.8,100,32.4,189,0.0
2023-05-08T17:00,22.3,85,1015.3,80,30.4,186,0.0
2023-05-08T18:00,22.1,84,1015.4,100,30.2,188,0.0
2023-05-08T19:00,22.1,82,1015.6,100,28.6,186,0.0
2023-05-08T20:00,22.1,81,1016.1,100,26.3,182,0.0
2023-05-08T21:00,22.4,80,1016.4,100,24.9,182,0.0
2023-05-08T22:00,22.6,77,1016.8,100,24.1,179,0.0
2023-05-08T23:00,22.7,76,1017.1,100,24.3,173,0.0
2023-05-09T00:00,22.8,74,1018.0,100,28.1,190,0.0
2023-05-09T01:00,22.4,74,1018.1,100,33.9,189,0.0
2023-05-09T02:00,22.5,71,1018.3,100,37.5,194,0.0
2023-05-09T03:00,22.9,66,1018.3,100,38.5,205,0.0
2023-05-09T04:00,22.6,63,1018.0,100,39.6,207,0.0
2023-05-09T05:00,22.5,59,1017.8,99,36.4,208,0.0
2023-05-09T06:00,22.1,60,1017.4,100,34.8,210,0.0
2023-05-09T07:00,22.0,60,1017.2,99,33.2,212,0.0
2023-05-09T08:00,21.8,61,1017.5,100,31.3,218,0.0
2023-05-09T09:00,21.4,63,1017.8,95,28.6,222,0.0
2023-05-09T10:00,21.0,65,1018.6,100,25.4,231,0.0
2023-05-09T11:00,20.5,70,1019.1,92,23.4,241,0.0
2023-05-09T12:00,20.4,65,1020.4,71,24.4,248,0.0
2023-05-09T13:00,20.8,61,1020.6,99,23.5,238,0.0
2023-05-09T14:00,21.1,60,1020.3,0,22.7,229,0.0
2023-05-09T15:00,21.3,59,1019.8,2,21.7,222,0.0
2023-05-09T16:00,21.4,59,1019.2,0,21.2,215,0.0
2023-05-09T17:00,21.5,60,1018.3,0,19.3,213,0.0
2023-05-09T18:00,21.6,58,1017.8,0,17.6,206,0.0
2023-05-09T19:00,21.8,55,1017.7,0,15.1,198,0.0
2023-05-09T20:00,22.0,53,1017.8,0,13.0,194,0.0
2023-05-09T21:00,22.1,51,1017.8,0,10.9,197,0.0
2023-05-09T22:00,22.3,51,1018.4,0,10.5,196,0.0
2023-05-09T23:00,22.4,53,1019.0,0,10.7,192,0.0
2023-05-10T00:00,22.5,55,1019.7,0,13.2,191,0.0
2023-05-10T01:00,22.2,56,1019.9,4,10.7,225,0.0
2023-05-10T02:00,21.8,61,1019.9,8,12.7,278,0.0
2023-05-10T03:00,21.5,64,1019.5,0,17.8,313,0.0
2023-05-10T04:00,21.2,65,1019.0,0,17.9,310,0.0
2023-05-10T05:00,20.8,67,1018.6,0,16.5,281,0.0
2023-05-10T06:00,20.4,70,1018.1,0,17.0,264,0.0
2023-05-10T07:00,20.3,68,1018.1,1,17.3,271,0.0
2023-05-10T08:00,20.1,70,1018.0,3,17.2,281,0.0
2023-05-10T09:00,20.1,70,1018.1,0,16.0,279,0.0
2023-05-10T10:00,20.0,71,1018.4,23,15.2,275,0.0
2023-05-10T11:00,20.1,70,1018.8,0,14.1,285,0.0
2023-05-10T12:00,19.7,73,1019.6,0,11.9,275,0.0
2023-05-10T13:00,19.9,74,1019.8,2,11.6,265,0.0
2023-05-10T14:00,20.1,69,1019.3,0,9.4,247,0.0
2023-05-10T15:00,20.4,66,1018.8,56,9.4,223,0.0
2023-05-10T16:00,20.6,64,1018.3,99,10.6,215,0.0
2023-05-10T17:00,20.5,66,1017.5,100,15.4,201,0.0
2023-05-10T18:00,20.9,67,1017.0,100,22.6,202,0.0
2023-05-10T19:00,21.0,67,1017.0,100,23.0,200,0.0
2023-05-10T20:00,21.0,64,1016.8,0,18.4,197,0.0
2023-05-10T21:00,21.0,60,1016.6,0,15.0,204,0.0
2023-05-10T22:00,21.1,58,1016.5,0,11.9,215,0.0
2023-05-10T23:00,21.1,60,1016.6,0,11.6,234,0.0
2023-05-11T00:00,20.8,66,1016.9,6,16.3,227,0.0
2023-05-11T01:00,20.7,69,1017.0,11,18.1,226,0.0
2023-05-11T02:00,20.1,74,1017.1,28,18.1,224,0.1
2023-05-11T03:00,20.0,76,1016.6,7,15.8,253,0.1
2023-05-11T04:00,19.6,79,1016.4,8,20.5,270,0.0
2023-05-11T05:00,19.5,75,1016.0,12,27.8,260,0.0
2023-05-11T06:00,19.1,68,1015.1,0,29.0,253,0.0
2023-05-11T07:00,18.9,65,1014.9,0,28.3,248,0.0
2023-05-11T08:00,18.6,67,1015.1,0,29.8,243,0.0
2023-05-11T09:00,18.6,72,1015.4,13,31.9,238,0.0
2023-05-11T10:00,18.9,73,1015.9,5,37.3,230,0.0
2023-05-11T11:00,19.2,68,1016.3,2,40.0,227,0.0
2023-05-11T12:00,19.0,69,1017.2,27,36.6,234,0.0
2023-05-11T13:00,18.9,68,1017.5,10,35.7,233,0.0
2023-05-11T14:00,18.9,66,1017.9,9,36.2,229,0.0
2023-05-11T15:00,19.0,63,1017.6,0,40.0,225,0.0
2023-05-11T16:00,19.1,60,1017.4,4,40.5,225,0.0
2023-05-11T17:00,19.4,57,1016.9,47,39.0,223,0.0
2023-05-11T18:00,19.5,57,1017.0,83,37.8,220,0.0
2023-05-11T19:00,19.8,57,1017.2,100,37.8,220,0.0
2023-05-11T20:00,19.9,60,1017.4,100,39.4,220,0.0
2023-05-11T21:00,19.6,65,1017.6,99,43.1,218,0.1
2023-05-11T22:00,19.2,68,1018.1,100,46.2,211,0.1
2023-05-11T23:00,18.6,73,1018.8,100,47.7,209,0.2
2023-05-12T00:00,18.8,77,1019.4,70,43.8,216,0.1
2023-05-12T01:00,17.6,84,1019.6,96,39.9,219,0.4
2023-05-12T02:00,17.4,80,1019.4,95,41.2,216,0.9
2023-05-12T03:00,17.8,84,1019.3,65,36.2,226,1.8
2023-05-12T04:00,17.6,83,1019.2,97,33.4,229,0.8
2023-05-12T05:00,17.5,80,1019.1,78,36.9,225,0.2
2023-05-12T06:00,17.9,81,1018.6,89,36.2,228,0.4
2023-05-12T07:00,17.2,80,1018.6,90,34.1,231,0.2
2023-05-12T08:00,18.4,75,1018.4,58,32.4,227,0.2
2023-05-12T09:00,17.9,75,1018.8,83,27.5,227,0.1
2023-05-12T10:00,17.8,74,1019.1,65,24.4,233,0.0
2023-05-12T11:00,18.0,74,1019.9,63,24.4,225,0.0
2023-05-12T12:00,18.1,75,1020.8,89,21.6,224,0.3
2023-05-12T13:00,17.9,75,1021.4,74,21.8,236,1.7
2023-05-12T14:00,16.9,82,1021.9,84,33.0,243,0.6
2023-05-12T15:00,17.0,86,1021.6,87,32.2,242,0.1
2023-05-12T16:00,17.6,79,1021.0,62,32.5,234,0.0
2023-05-12T17:00,17.9,74,1020.4,59,30.4,221,0.1
2023-05-12T18:00,18.0,76,1020.2,22,24.5,221,0.0
2023-05-12T19:00,18.6,75,1020.0,20,24.0,220,0.0
2023-05-12T20:00,19.1,66,1020.2,28,20.6,216,0.0
2023-05-12T21:00,19.9,54,1020.0,26,18.7,196,0.0
2023-05-12T22:00,20.0,55,1020.4,42,20.7,193,0.0
2023-05-12T23:00,19.7,56,1020.8,36,17.8,194,0.0
2023-05-13T00:00,19.0,60,1021.4,47,17.6,211,0.1
2023-05-13T01:00,18.4,66,1021.7,57,18.0,233,0.1
2023-05-13T02:00,18.0,70,1021.5,43,17.6,239,0.0
2023-05-13T03:00,18.0,72,1021.5,39,18.1,247,0.0
2023-05-13T04:00,17.5,77,1021.1,48,21.0,254,0.0
2023-05-13T05:00,17.4,78,1020.9,20,20.0,252,0.0
2023-05-13T06:00,17.4,76,1020.0,34,16.9,246,0.0
2023-05-13T07:00,17.4,76,1019.6,34,16.1,246,0.0
2023-05-13T08:00,17.3,76,1019.6,35,15.6,251,0.0
2023-05-13T09:00,17.4,75,1019.8,33,14.4,248,0.0
2023-05-13T10:00,17.5,75,1020.3,32,12.9,257,0.0
2023-05-13T11:00,17.3,75,1020.4,27,13.3,273,0.0
2023-05-13T12:00,17.4,77,1021.1,48,18.1,275,0.0
2023-05-13T13:00,17.7,74,1021.1,3,15.6,278,0.0
2023-05-13T14:00,18.0,71,1020.9,2,10.0,283,0.0
2023-05-13T15:00,18.3,68,1020.2,0,4.0,297,0.0
2023-05-13T16:00,18.5,65,1019.4,1,2.1,31,0.0
2023-05-13T17:00,18.9,63,1018.5,0,5.5,58,0.0
2023-05-13T18:00,19.3,66,1017.8,0,10.6,62,0.0
2023-05-13T19:00,19.5,68,1018.0,0,12.2,66,0.0
2023-05-13T20:00,19.9,66,1018.4,0,11.6,60,0.0
2023-05-13T21:00,20.1,66,1018.7,0,12.2,56,0.0
2023-05-13T22:00,20.3,67,1019.0,3,14.3,51,0.0
2023-05-13T23:00,20.5,68,1019.2,7,14.0,46,0.0
2023-05-14T00:00,20.6,68,1019.6,16,15.3,24,0.0
2023-05-14T01:00,20.9,67,1019.6,28,16.0,8,0.0
2023-05-14T02:00,20.7,69,1019.4,77,16.7,353,0.0
2023-05-14T03:00,20.1,72,1019.1,51,15.3,333,0.0
2023-05-14T04:00,19.5,76,1018.7,1,13.3,311,0.0
2023-05-14T05:00,19.1,78,1018.4,24,11.8,301,0.0
2023-05-14T06:00,19.0,79,1018.1,54,10.2,293,0.0
2023-05-14T07:00,18.8,85,1018.1,11,9.4,288,0.0
2023-05-14T08:00,18.8,82,1018.3,8,10.1,276,0.0
2023-05-14T09:00,18.5,82,1018.7,24,11.9,273,0.0
2023-05-14T10:00,18.4,81,1019.5,0,13.0,275,0.0
2023-05-14T11:00,18.4,79,1020.1,20,13.7,273,0.0
2023-05-14T12:00,18.6,77,1021.0,10,14.4,269,0.0
2023-05-14T13:00,19.3,74,1021.1,1,14.8,266,0.0
2023-05-14T14:00,20.4,67,1021.2,0,12.8,260,0.0
2023-05-14T15:00,21.2,56,1020.4,0,10.1,253,0.0
2023-05-14T16:00,21.5,52,1019.8,0,7.6,239,0.0
2023-05-14T17:00,21.6,49,1019.0,50,4.8,228,0.0
2023-05-14T18:00,21.5,49,1018.8,100,2.7,203,0.0
2023-05-14T19:00,21.6,51,1018.9,83,8.0,185,0.0
2023-05-14T20:00,22.0,51,1019.1,50,10.1,186,0.0
2023-05-14T21:00,22.1,49,1019.5,54,9.5,189,0.0
2023-05-14T22:00,22.1,52,1020.0,38,12.0,196,0.0
2023-05-14T23:00,22.1,55,1020.6,80,12.5,198,0.0
2023-05-15T00:00,21.6,64,1021.1,0,14.3,227,0.0
2023-05-15T01:00,20.9,70,1021.1,11,14.8,273,0.0
2023-05-15T02:00,20.3,70,1021.0,25,16.1,286,0.0
2023-05-15T03:00,20.6,67,1020.6,100,15.2,284,0.0
2023-05-15T04:00,20.7,67,1020.1,100,16.3,288,0.0
2023-05-15T05:00,20.2,74,1019.7,100,16.9,297,0.0
2023-05-15T06:00,19.9,79,1018.9,98,16.0,293,0.0
2023-05-15T07:00,19.6,82,1018.5,99,14.7,287,0.0
2023-05-15T08:00,19.5,83,1018.4,99,14.2,286,0.0
2023-05-15T09:00,19.4,85,1018.7,100,13.7,284,0.0
2023-05-15T10:00,19.2,86,1019.5,99,12.8,281,0.0
2023-05-15T11:00,19.2,85,1019.9,100,11.4,288,0.0
2023-05-15T12:00,19.0,82,1020.6,73,11.4,281,0.0
2023-05-15T13:00,19.8,79,1020.7,94,9.7,292,0.0
2023-05-15T14:00,20.8,77,1020.5,100,8.6,303,0.0
2023-05-15T15:00,21.8,65,1019.8,97,5.9,317,0.0
2023-05-15T16:00,22.1,60,1018.7,99,4.0,355,0.0
2023-05-15T17:00,22.0,63,1017.8,98,5.1,45,0.0
2023-05-15T18:00,21.7,68,1017.2,98,6.4,47,0.0
2023-05-15T19:00,21.8,68,1017.2,95,4.1,45,0.0
2023-05-15T20:00,22.0,65,1017.4,87,5.4,323,0.0
2023-05-15T21:00,22.2,58,1017.6,83,5.4,278,0.0
2023-05-15T22:00,22.5,56,1017.7,56,9.1,277,0.0
2023-05-15T23:00,22.4,61,1018.1,6,14.5,277,0.0
2023-05-16T00:00,21.8,68,1018.8,0,18.1,277,0.0
2023-05-16T01:00,21.7,73,1018.8,0,16.6,248,0.0
2023-05-16T02:00,21.7,75,1019.0,0,21.8,236,0.0
2023-05-16T03:00,21.1,76,1018.9,0,21.8,248,0.0
2023-05-16T04:00,20.6,78,1018.5,0,22.1,248,0.0
2023-05-16T05:00,20.5,77,1018.4,2,23.7,240,0.0
2023-05-16T06:00,20.6,75,1017.8,0,28.2,232,0.0
2023-05-16T07:00,20.6,77,1017.7,1,29.4,229,0.0
2023-05-16T08:00,20.9,75,1017.9,0,31.7,220,0.0
2023-05-16T09:00,21.0,74,1018.1,0,34.7,213,0.0
2023-05-16T10:00,20.9,75,1018.8,3,33.9,214,0.0
2023-05-16T11:00,20.7,75,1019.4,8,33.0,216,0.0
2023-05-16T12:00,20.6,75,1020.6,29,36.0,217,0.0
2023-05-16T13:00,20.8,74,1021.1,41,35.2,217,0.0
2023-05-16T14:00,20.9,74,1021.5,40,36.3,212,0.0
2023-05-16T15:00,20.8,75,1021.0,63,34.0,210,0.0
2023-05-16T16:00,20.8,75,1020.7,62,33.5,208,0.0
2023-05-16T17:00,20.9,73,1020.2,41,32.0,207,0.0
2023-05-16T18:00,21.0,70,1019.9,23,30.9,205,0.0
2023-05-16T19:00,21.0,70,1019.9,3,28.3,207,0.0
2023-05-16T20:00,21.1,69,1020.3,6,26.1,206,0.0
2023-05-16T21:00,21.3,65,1020.6,90,24.4,202,0.0
2023-05-16T22:00,21.5,63,1021.1,31,23.0,197,0.0
2023-05-16T23:00,21.5,62,1021.4,16,20.7,193,0.0
2023-05-17T00:00,21.1,61,1022.1,31,20.9,184,0.0
2023-05-17T01:00,21.0,61,1022.2,27,18.7,180,0.0
2023-05-17T02:00,21.0,60,1022.3,30,16.2,184,0.0
2023-05-17T03:00,20.8,61,1022.1,23,13.6,192,0.0
2023-05-17T04:00,20.4,60,1021.8,22,8.1,201,0.0
2023-05-17T05:00,20.0,62,1021.5,11,6.0,237,0.0
2023-05-17T06:00,19.4,74,1020.9,18,9.5,261,0.0
2023-05-17T07:00,18.6,84,1020.5,39,15.1,269,0.0
2023-05-17T08:00,18.5,82,1020.3,6,16.9,270,0.0
2023-05-17T09:00,18.6,77,1020.3,1,15.5,275,0.0
2023-05-17T10:00,18.6,79,1020.8,34,15.8,282,0.0
2023-05-17T11:00,18.1,84,1021.4,61,16.8,285,0.0
2023-05-17T12:00,18.5,81,1022.3,58,14.5,284,0.0
2023-05-17T13:00,19.0,76,1022.5,0,10.5,292,0.0
2023-05-17T14:00,19.5,70,1022.5,0,6.6,315,0.0
2023-05-17T15:00,19.9,68,1022.0,0,5.1,356,0.0
2023-05-17T16:00,20.0,69,1021.1,0,7.4,29,0.0
2023-05-17T17:00,20.1,70,1020.5,0,7.9,43,0.0
2023-05-17T18:00,20.2,70,1020.3,0,8.2,61,0.0
2023-05-17T19:00,20.5,71,1020.2,0,8.9,69,0.0
2023-05-17T20:00,20.8,70,1020.1,9,12.4,60,0.0
2023-05-17T21:00,21.4,64,1020.2,32,18.8,54,0.0
2023-05-17T22:00,21.5,63,1020.7,39,21.9,46,0.0
2023-05-17T23:00,21.6,63,1021.2,15,22.4,44,0.0
2023-05-18T00:00,21.5,64,1021.4,0,24.1,39,0.0
2023-05-18T01:00,21.5,65,1021.3,1,25.0,33,0.0
2023-05-18T02:00,21.5,65,1021.4,1,25.1,29,0.0
2023-05-18T03:00,21.5,65,1021.8,3,24.5,28,0.0
2023-05-18T04:00,21.2,67,1021.5,3,25.6,26,0.0
2023-05-18T05:00,21.0,69,1021.2,1,25.8,23,0.0
2023-05-18T06:00,21.0,69,1020.9,1,26.1,24,0.0
2023-05-18T07:00,21.0,69,1020.6,0,27.4,27,0.0
2023-05-18T08:00,21.0,69,1020.5,0,28.5,28,0.0
2023-05-18T09:00,21.1,69,1020.8,0,29.0,27,0.0
2023-05-18T10:00,21.1,69,1021.5,0,29.8,25,0.0
2023-05-18T11:00,21.2,69,1022.1,0,30.9,25,0.0
2023-05-18T12:00,21.0,68,1022.6,0,29.8,25,0.0
2023-05-18T13:00,21.1,68,1023.0,0,31.0,31,0.0
2023-05-18T14:00,21.2,68,1022.6,0,33.1,35,0.0
2023-05-18T15:00,21.2,69,1021.9,0,34.6,36,0.0
2023-05-18T16:00,21.4,68,1020.8,0,36.2,34,0.0
2023-05-18T17:00,21.5,69,1019.9,0,36.0,35,0.0
2023-05-18T18:00,21.6,70,1019.4,0,35.2,35,0.0
2023-05-18T19:00,21.7,70,1019.2,0,34.9,35,0.0
2023-05-18T20:00,21.8,71,1019.2,0,34.8,36,0.0
2023-05-18T21:00,21.9,72,1019.4,0,34.9,35,0.0
2023-05-18T22:00,21.9,73,1019.7,0,34.5,34,0.0
2023-05-18T23:00,21.9,74,1020.2,0,34.3,32,0.0
2023-05-19T00:00,21.7,75,1020.7,0,33.2,30,0.0
2023-05-19T01:00,21.6,75,1020.8,0,34.4,31,0.0
2023-05-19T02:00,21.5,75,1020.9,0,35.0,29,0.0
2023-05-19T03:00,21.4,76,1020.6,0,34.8,27,0.0
2023-05-19T04:00,21.2,76,1020.3,0,35.4,25,0.0
2023-05-19T05:00,21.0,77,1019.8,0,36.2,22,0.0
2023-05-19T06:00,20.9,77,1019.1,0,36.5,19,0.0
2023-05-19T07:00,20.8,77,1018.5,0,36.7,20,0.0
2023-05-19T08:00,20.9,77,1018.2,0,37.3,22,0.0
2023-05-19T09:00,20.9,77,1018.6,0,37.1,24,0.0
2023-05-19T10:00,21.0,76,1019.2,0,37.7,25,0.0
2023-05-19T11:00,21.0,76,1019.7,0,38.5,25,0.0
2023-05-19T12:00,21.1,76,1020.3,0,36.3,23,0.0
2023-05-19T13:00,21.2,76,1020.5,0,35.8,22,0.0
2023-05-19T14:00,21.4,75,1020.2,0,36.4,26,0.0
2023-05-19T15:00,21.4,76,1019.4,15,38.4,30,0.0
2023-05-19T16:00,21.5,77,1018.4,51,39.3,33,0.0
2023-05-19T17:00,21.6,75,1017.6,37,40.3,32,0.0
2023-05-19T18:00,21.8,75,1017.2,59,40.9,32,0.0
2023-05-19T19:00,21.8,78,1017.0,40,41.5,34,0.0
2023-05-19T20:00,21.9,78,1017.1,81,42.4,33,0.0
2023-05-19T21:00,21.9,78,1017.3,93,44.2,29,0.0
2023-05-19T22:00,22.0,75,1017.6,39,44.5,25,0.0
2023-05-19T23:00,21.8,76,1018.2,0,44.1,23,0.0
2023-05-20T00:00,21.6,78,1019.0,0,43.7,20,0.0
2023-05-20T01:00,21.4,80,1019.0,0,45.1,21,0.0
2023-05-20T02:00,21.4,80,1018.8,5,45.8,21,0.0
2023-05-20T03:00,21.2,80,1018.5,17,46.6,21,0.0
2023-05-20T04:00,21.1,82,1018.1,24,46.5,20,0.0
2023-05-20T05:00,21.0,82,1017.8,99,46.4,19,0.0
2023-05-20T06:00,21.1,81,1017.2,0,45.9,18,0.0
2023-05-20T07:00,21.1,80,1016.5,0,43.7,17,0.0
2023-05-20T08:00,21.1,80,1016.6,0,39.6,13,0.0
2023-05-20T09:00,21.0,80,1016.9,0,34.4,7,0.0
2023-05-20T10:00,20.6,79,1017.1,0,29.9,1,0.0
2023-05-20T11:00,20.1,79,1017.5,0,22.3,350,0.0
2023-05-20T12:00,19.8,76,1018.4,0,12.6,336,0.0
2023-05-20T13:00,19.5,75,1018.8,0,11.0,293,0.0
2023-05-20T14:00,19.8,64,1018.9,1,9.3,242,0.0
2023-05-20T15:00,19.8,68,1018.0,3,5.6,195,0.0
2023-05-20T16:00,19.8,70,1017.1,14,1.5,166,0.0
2023-05-20T17:00,19.9,69,1016.2,12,1.8,11,0.0
2023-05-20T18:00,20.2,64,1015.7,56,3.5,24,0.0
2023-05-20T19:00,20.9,63,1015.5,76,4.1,38,0.0
2023-05-20T20:00,21.6,67,1015.4,62,4.6,39,0.0
2023-05-20T21:00,22.1,71,1016.0,22,3.2,333,0.0
2023-05-20T22:00,22.4,71,1016.4,100,5.3,208,0.0
2023-05-20T23:00,22.0,74,1016.8,100,15.0,190,0.0
2023-05-21T00:00,21.2,85,1017.8,100,12.9,240,0.0
2023-05-21T01:00,21.0,88,1018.0,100,14.6,254,0.0
2023-05-21T02:00,20.7,90,1018.3,100,15.7,259,0.0
2023-05-21T03:00,20.2,90,1017.8,100,15.4,259,0.0
2023-05-21T04:00,20.0,88,1017.4,100,15.9,266,0.0
2023-05-21T05:00,20.1,84,1017.1,100,10.8,270,0.0
2023-05-21T06:00,20.2,81,1017.2,100,9.4,274,0.0
2023-05-21T07:00,20.2,81,1016.7,100,8.2,285,0.0
2023-05-21T08:00,20.2,83,1016.6,96,6.9,298,0.0
2023-05-21T09:00,20.5,79,1016.8,100,6.4,333,0.0
2023-05-21T10:00,20.9,76,1017.4,100,8.3,360,0.0
2023-05-21T11:00,21.2,78,1017.4,100,13.0,24,0.0
2023-05-21T12:00,21.0,79,1017.8,80,10.6,18,0.0
2023-05-21T13:00,21.0,81,1018.2,100,13.4,27,0.0
2023-05-21T14:00,21.0,81,1018.0,100,16.9,40,0.0
2023-05-21T15:00,21.2,82,1017.3,100,22.4,42,0.0
2023-05-21T16:00,21.6,80,1016.4,100,29.0,38,0.0
2023-05-21T17:00,21.7,82,1015.6,100,29.1,36,0.0
2023-05-21T18:00,21.9,83,1015.4,98,29.0,37,0.0
2023-05-21T19:00,22.0,83,1015.2,100,30.8,37,0.0
2023-05-21T20:00,22.1,82,1015.4,100,33.4,37,0.0
2023-05-21T21:00,22.1,82,1015.8,100,31.9,34,0.0
2023-05-21T22:00,22.2,81,1016.6,100,29.9,31,0.0
2023-05-21T23:00,22.2,80,1017.1,100,31.9,25,0.0
2023-05-22T00:00,22.5,80,1017.1,100,31.3,19,0.0
2023-05-22T01:00,22.3,81,1017.3,100,28.8,13,0.0
2023-05-22T02:00,22.1,80,1017.6,100,28.0,8,0.0
2023-05-22T03:00,22.2,78,1017.6,100,28.0,12,0.0
2023-05-22T04:00,22.1,77,1017.5,100,28.5,13,0.0
2023-05-22T05:00,22.1,77,1017.1,100,29.3,14,0.0
2023-05-22T06:00,22.1,78,1016.4,100,32.8,17,0.0
2023-05-22T07:00,22.2,79,1015.7,100,35.1,17,0.0
2023-05-22T08:00,22.4,77,1015.3,100,35.0,17,0.0
2023-05-22T09:00,22.4,77,1015.7,100,33.3,16,0.0
2023-05-22T10:00,22.2,80,1016.3,100,29.7,23,0.0
2023-05-22T11:00,22.1,81,1017.4,100,29.3,19,0.0
2023-05-22T12:00,21.8,81,1017.9,100,14.1,3,0.0
2023-05-22T13:00,21.2,82,1018.3,100,11.6,324,0.0
2023-05-22T14:00,20.8,80,1018.1,100,12.4,280,0.0
2023-05-22T15:00,20.8,76,1017.9,97,14.1,267,0.0
2023-05-22T16:00,21.1,70,1017.5,95,9.9,303,0.0
2023-05-22T17:00,21.4,71,1016.9,100,11.4,13,0.0
2023-05-22T18:00,21.6,77,1016.5,96,12.1,23,0.0
2023-05-22T19:00,22.0,79,1016.8,9,15.6,15,0.0
2023-05-22T20:00,22.3,78,1017.0,3,13.6,37,0.0
2023-05-22T21:00,22.5,83,1017.0,10,16.6,39,0.0
2023-05-22T22:00,22.5,84,1017.3,3,18.1,31,0.0
2023-05-22T23:00,22.4,87,1017.6,0,20.1,21,0.0
2023-05-23T00:00,22.5,89,1018.3,1,6.9,39,0.0
2023-05-23T01:00,22.3,89,1018.3,0,8.0,10,0.0
2023-05-23T02:00,21.7,90,1018.6,0,10.8,323,0.0
2023-05-23T03:00,21.0,89,1018.7,2,12.6,294,0.0
2023-05-23T04:00,21.0,85,1018.6,1,8.8,305,0.0
2023-05-23T05:00,21.4,81,1018.7,0,7.6,335,0.0
2023-05-23T06:00,21.5,81,1018.4,0,8.9,346,0.0
2023-05-23T07:00,21.5,82,1018.4,0,6.5,341,0.0
2023-05-23T08:00,21.4,85,1018.3,0,5.4,340,0.0
2023-05-23T09:00,21.4,85,1018.8,1,4.3,336,0.0
2023-05-23T10:00,21.3,85,1019.3,0,3.7,299,0.0
2023-05-23T11:00,21.2,85,1019.8,0,4.3,265,0.0
2023-05-23T12:00,21.3,85,1020.6,0,3.2,270,0.0
2023-05-23T13:00,21.3,85,1020.8,0,1.8,259,0.0
2023-05-23T14:00,21.2,87,1020.5,0,2.4,27,0.0
2023-05-23T15:00,21.2,89,1020.2,0,5.0,60,0.0
2023-05-23T16:00,21.3,89,1019.5,0,7.3,57,0.0
2023-05-23T17:00,21.6,90,1018.8,0,11.4,55,0.0
2023-05-23T18:00,22.1,88,1018.6,0,15.0,42,0.0
2023-05-23T19:00,22.4,90,1018.6,0,17.1,41,0.0
2023-05-23T20:00,22.6,90,1018.7,0,20.4,45,0.0
2023-05-23T21:00,22.6,89,1019.0,0,24.0,43,0.0
2023-05-23T22:00,22.5,89,1019.2,0,25.4,39,0.0
2023-05-23T23:00,22.5,90,1019.6,44,26.9,35,0.0
2023-05-24T00:00,22.5,91,1020.3,0,23.2,41,0.0
2023-05-24T01:00,22.4,90,1020.5,2,27.0,34,0.0
2023-05-24T02:00,22.4,91,1020.8,10,29.7,29,0.0
2023-05-24T03:00,22.4,89,1020.8,8,30.5,23,0.0
2023-05-24T04:00,22.5,85,1020.7,2,31.4,20,0.0
2023-05-24T05:00,22.4,85,1020.1,0,32.2,22,0.0
2023-05-24T06:00,22.2,86,1019.7,0,32.4,24,0.0
2023-05-24T07:00,22.3,84,1019.4,1,31.4,25,0.0
2023-05-24T08:00,22.2,85,1019.1,2,31.2,26,0.0
2023-05-24T09:00,22.1,85,1019.3,0,30.1,26,0.0
2023-05-24T10:00,22.2,84,1019.6,0,30.3,27,0.0
2023-05-24T11:00,22.2,83,1019.6,0,31.7,26,0.0
2023-05-24T12:00,22.4,80,1020.3,1,31.9,20,0.0
2023-05-24T13:00,22.2,79,1019.8,0,32.8,23,0.0
2023-05-24T14:00,22.2,80,1019.6,0,34.7,24,0.0
2023-05-24T15:00,22.3,80,1019.3,4,33.2,30,0.0
2023-05-24T16:00,22.6,76,1018.8,0,36.0,31,0.0
2023-05-24T17:00,22.6,78,1018.5,0,36.3,30,0.0
2023-05-24T18:00,22.6,81,1018.2,0,33.0,36,0.0
2023-05-24T19:00,22.8,80,1018.6,0,34.2,40,0.0
2023-05-24T20:00,22.6,83,1018.8,0,35.6,44,0.0
2023-05-24T21:00,22.8,81,1019.0,0,39.4,39,0.0
2023-05-24T22:00,22.6,82,1019.4,0,40.1,34,0.0
2023-05-24T23:00,22.2,87,1019.6,0,38.8,29,0.0
2023-05-25T00:00,22.2,89,1020.1,0,37.2,22,0.0
2023-05-25T01:00,22.1,88,1020.2,11,36.2,16,0.0
2023-05-25T02:00,22.2,87,1020.4,12,35.6,14,0.0
2023-05-25T03:00,22.1,86,1020.3,7,35.1,13,0.0
2023-05-25T04:00,22.2,85,1020.2,6,34.1,14,0.0
2023-05-25T05:00,22.1,85,1019.8,7,35.2,18,0.0
2023-05-25T06:00,22.0,85,1019.4,65,34.8,18,0.0
2023-05-25T07:00,21.9,86,1019.4,39,33.5,17,0.0
2023-05-25T08:00,21.8,87,1019.3,12,32.5,15,0.0
2023-05-25T09:00,22.0,83,1019.5,10,31.5,11,0.0
2023-05-25T10:00,22.0,82,1020.2,2,30.3,10,0.0
2023-05-25T11:00,22.0,82,1020.6,0,31.2,11,0.0
2023-05-25T12:00,22.1,86,1021.2,0,32.2,20,0.0
2023-05-25T13:00,22.3,84,1021.7,0,32.6,18,0.0
2023-05-25T14:00,22.2,87,1021.5,0,33.5,25,0.0
2023-05-25T15:00,22.5,82,1020.8,2,37.5,24,0.0
2023-05-25T16:00,22.1,88,1019.7,8,36.4,30,0.0
2023-05-25T17:00,23.0,81,1018.7,6,40.7,27,0.0
2023-05-25T18:00,22.9,82,1018.5,5,39.3,33,0.0
2023-05-25T19:00,23.0,81,1018.5,3,40.2,34,0.0
2023-05-25T20:00,22.6,87,1018.7,1,41.1,35,0.0
2023-05-25T21:00,23.0,82,1018.7,2,43.0,28,0.0
2023-05-25T22:00,22.7,86,1019.2,6,40.2,27,0.0
2023-05-25T23:00,22.5,88,1019.4,6,37.4,21,0.0
2023-05-26T00:00,22.4,89,1019.6,10,36.0,20,0.0
2023-05-26T01:00,22.1,92,1019.7,6,33.1,19,0.0
2023-05-26T02:00,22.3,88,1019.9,13,38.0,20,0.0
2023-05-26T03:00,22.4,87,1019.8,11,41.4,19,0.0
2023-05-26T04:00,22.4,86,1019.5,26,41.3,17,0.0
2023-05-26T05:00,22.4,86,1019.3,25,40.9,14,0.0
2023-05-26T06:00,22.3,86,1018.7,34,40.9,14,0.0
2023-05-26T07:00,22.4,85,1018.1,10,38.4,13,0.0
2023-05-26T08:00,22.6,83,1017.8,9,36.9,10,0.0
2023-05-26T09:00,22.5,83,1017.9,22,37.7,7,0.0
2023-05-26T10:00,22.5,83,1018.1,13,34.2,8,0.0
2023-05-26T11:00,22.7,81,1018.5,31,34.5,11,0.0
2023-05-26T12:00,22.5,83,1019.0,58,31.9,6,0.0
2023-05-26T13:00,22.6,82,1019.3,51,31.9,11,0.0
2023-05-26T14:00,22.6,83,1018.7,73,34.5,18,0.0
2023-05-26T15:00,22.6,83,1017.8,100,38.1,22,0.0
2023-05-26T16:00,22.7,84,1016.8,100,37.7,25,0.0
2023-05-26T17:00,22.8,85,1015.8,100,39.2,29,0.0
2023-05-26T18:00,23.0,85,1015.4,97,40.6,30,0.0
2023-05-26T19:00,23.0,86,1015.2,100,44.7,29,0.0
2023-05-26T20:00,22.9,87,1015.3,91,44.0,29,0.0
2023-05-26T21:00,22.7,90,1015.5,52,41.9,24,0.0
2023-05-26T22:00,22.7,91,1015.9,100,40.8,21,0.0
2023-05-26T23:00,22.5,91,1016.3,94,40.7,20,0.0
2023-05-27T00:00,22.5,92,1015.7,61,41.2,18,0.0
2023-05-27T01:00,22.4,91,1015.8,96,39.4,14,0.0
2023-05-27T02:00,22.5,90,1015.6,100,38.6,14,0.0
2023-05-27T03:00,22.4,89,1015.4,42,37.0,16,0.0
2023-05-27T04:00,22.5,87,1015.1,15,38.6,16,0.0
2023-05-27T05:00,22.2,89,1014.8,9,38.7,18,0.0
2023-05-27T06:00,22.2,88,1014.4,12,38.9,16,0.0
2023-05-27T07:00,22.2,88,1014.2,81,36.2,13,0.0
2023-05-27T08:00,22.4,87,1014.0,72,31.7,8,0.0
2023-05-27T09:00,22.2,88,1014.1,37,26.2,8,0.0
2023-05-27T10:00,22.3,87,1014.8,98,22.9,7,0.0
2023-05-27T11:00,22.3,86,1015.3,100,18.4,354,0.0
2023-05-27T12:00,21.6,85,1015.9,100,10.8,296,0.0
2023-05-27T13:00,21.9,83,1016.4,100,8.3,342,0.0
2023-05-27T14:00,22.2,80,1016.8,100,9.2,312,0.3
2023-05-27T15:00,22.2,80,1016.9,100,13.2,215,0.5
2023-05-27T16:00,22.1,80,1016.5,100,19.0,207,0.2
2023-05-27T17:00,22.0,83,1016.4,100,20.7,220,0.0
2023-05-27T18:00,22.0,85,1016.4,100,18.4,219,0.0
2023-05-27T19:00,22.1,85,1016.9,100,16.3,221,0.0
2023-05-27T20:00,22.2,84,1017.3,100,19.2,210,0.0
2023-05-27T21:00,22.2,84,1017.7,100,24.0,220,0.0
2023-05-27T22:00,22.1,84,1018.0,100,29.9,211,0.1
2023-05-27T23:00,22.1,82,1018.4,100,31.2,211,0.2
2023-05-28T00:00,21.5,84,1019.0,100,31.7,219,0.8
2023-05-28T01:00,21.4,85,1019.3,100,35.7,195,0.3
2023-05-28T02:00,21.2,85,1019.5,100,40.8,176,0.5
2023-05-28T03:00,21.1,84,1019.5,100,38.0,175,0.4
2023-05-28T04:00,20.9,82,1019.8,100,40.7,177,0.4
2023-05-28T05:00,20.9,76,1019.9,100,43.1,186,0.6
2023-05-28T06:00,20.8,72,1020.1,100,43.4,185,0.6
2023-05-28T07:00,20.7,71,1020.2,100,41.1,184,0.1
2023-05-28T08:00,20.7,69,1020.5,100,36.4,182,0.0
2023-05-28T09:00,20.5,71,1020.7,100,33.9,178,0.3
2023-05-28T10:00,20.5,71,1021.1,100,34.6,176,0.1
2023-05-28T11:00,19.8,76,1021.7,100,36.7,178,0.1
2023-05-28T12:00,19.0,84,1022.5,100,37.4,181,0.3
2023-05-28T13:00,19.2,80,1022.9,100,35.4,185,0.2
2023-05-28T14:00,19.0,79,1022.9,100,35.3,184,0.1
2023-05-28T15:00,18.5,82,1022.4,100,34.2,180,0.3
2023-05-28T16:00,19.2,74,1021.8,100,35.5,191,0.5
2023-05-28T17:00,19.5,70,1021.7,100,39.2,191,0.1
2023-05-28T18:00,19.2,71,1021.7,100,39.2,191,0.1
2023-05-28T19:00,19.4,67,1021.8,100,40.1,189,0.0
2023-05-28T20:00,19.5,65,1022.0,100,39.3,191,0.0
2023-05-28T21:00,19.2,68,1022.2,100,36.9,193,0.0
2023-05-28T22:00,19.6,62,1022.5,100,33.5,195,0.0
2023-05-28T23:00,19.6,60,1022.5,100,30.5,194,0.0
2023-05-29T00:00,19.7,59,1022.8,100,29.5,205,0.0
2023-05-29T01:00,18.7,68,1023.0,66,28.5,226,0.0
2023-05-29T02:00,17.8,78,1023.1,33,29.1,244,0.0
2023-05-29T03:00,17.6,78,1022.9,48,27.7,240,0.0
2023-05-29T04:00,17.5,78,1022.8,29,27.7,245,0.0
2023-05-29T05:00,17.2,80,1022.3,26,28.9,247,0.0
2023-05-29T06:00,17.1,81,1021.8,25,29.2,248,0.0
2023-05-29T07:00,17.1,81,1021.9,19,30.3,246,0.0
2023-05-29T08:00,17.2,81,1021.8,9,29.2,250,0.0
2023-05-29T09:00,17.4,79,1021.9,14,27.1,248,0.0
2023-05-29T10:00,17.5,78,1022.5,55,25.0,243,0.0
2023-05-29T11:00,17.5,78,1023.0,59,23.7,248,0.0
2023-05-29T12:00,17.8,79,1023.9,64,20.3,243,0.0
2023-05-29T13:00,18.1,72,1024.3,54,17.9,232,0.0
2023-05-29T14:00,18.6,66,1024.1,42,15.9,213,0.0
2023-05-29T15:00,19.0,62,1023.6,52,13.9,190,0.0
2023-05-29T16:00,19.1,59,1022.9,60,11.2,182,0.0
2023-05-29T17:00,19.3,57,1022.4,79,8.3,178,0.0
2023-05-29T18:00,19.4,56,1022.3,67,6.2,170,0.0
2023-05-29T19:00,19.5,55,1022.4,43,6.8,162,0.0
2023-05-29T20:00,19.6,56,1022.5,45,7.3,147,0.0
2023-05-29T21:00,19.6,58,1022.7,100,10.7,135,0.0
2023-05-29T22:00,19.6,57,1023.3,100,10.2,129,0.0
2023-05-29T23:00,19.6,58,1023.8,100,9.8,126,0.0
2023-05-30T00:00,19.5,58,1024.9,100,6.4,133,0.0
2023-05-30T01:00,19.7,56,1024.8,100,5.2,124,0.0
2023-05-30T02:00,20.0,56,1024.8,67,4.8,103,0.0
2023-05-30T03:00,20.1,56,1024.6,91,5.6,75,0.0
2023-05-30T04:00,20.1,57,1024.0,100,7.7,49,0.0
2023-05-30T05:00,19.8,60,1023.8,100,7.9,24,0.0
2023-05-30T06:00,19.5,63,1023.4,66,6.6,13,0.0
2023-05-30T07:00,19.4,65,1023.1,51,8.0,27,0.0
2023-05-30T08:00,19.7,65,1022.9,88,10.7,45,0.0
2023-05-30T09:00,19.8,66,1023.3,100,13.9,31,0.0
2023-05-30T10:00,19.3,71,1024.0,99,14.1,19,0.1
2023-05-30T11:00,19.3,72,1024.5,92,13.2,17,0.1
2023-05-30T12:00,19.0,75,1024.9,97,18.7,25,0.1
2023-05-30T13:00,19.3,76,1025.0,100,20.0,28,0.2
2023-05-30T14:00,19.5,75,1024.7,100,22.0,32,0.0
2023-05-30T15:00,19.9,73,1024.4,100,25.3,33,0.0
2023-05-30T16:00,20.0,72,1023.5,100,27.2,29,0.0
2023-05-30T17:00,20.2,71,1022.6,100,29.3,26,0.0
2023-05-30T18:00,20.4,72,1022.0,100,31.1,28,0.0
2023-05-30T19:00,20.5,73,1021.8,100,32.7,32,0.0
2023-05-30T20:00,20.6,73,1021.6,100,33.3,28,0.0
2023-05-30T21:00,20.6,73,1022.1,100,32.0,21,0.0
2023-05-30T22:00,20.6,73,1022.0,100,32.9,18,0.0
2023-05-30T23:00,20.5,76,1021.9,100,35.0,20,0.0
2023-05-31T00:00,20.6,75,1021.8,100,31.8,18,0.0
2023-05-31T01:00,20.6,76,1021.7,100,31.0,18,0.0
2023-05-31T02:00,20.4,79,1022.2,100,28.1,9,0.0
2023-05-31T03:00,20.6,77,1021.6,100,29.8,8,0.0
2023-05-31T04:00,20.6,76,1021.2,100,27.6,8,0.0
2023-05-31T05:00,20.9,74,1021.0,100,26.7,4,0.0
2023-05-31T06:00,20.8,74,1020.4,100,24.5,2,0.0
2023-05-31T07:00,20.8,74,1020.0,100,24.3,8,0.0
2023-05-31T08:00,20.9,73,1019.8,100,25.3,4,0.0
2023-05-31T09:00,20.7,74,1020.0,90,21.7,5,0.0
2023-05-31T10:00,20.9,74,1020.7,2,20.7,7,0.0
2023-05-31T11:00,20.9,75,1020.9,0,18.9,14,0.0
2023-05-31T12:00,20.9,76,1021.7,0,15.3,351,0.0
2023-05-31T13:00,20.5,79,1021.9,0,12.1,323,0.0
2023-05-31T14:00,20.5,76,1021.5,0,9.2,312,0.0
2023-05-31T15:00,20.6,73,1021.1,0,4.6,309,0.0
2023-05-31T16:00,20.5,71,1020.1,0,0.8,117,0.0
2023-05-31T17:00,20.5,73,1019.1,1,5.4,82,0.0
2023-05-31T18:00,20.8,74,1019.2,100,5.4,70,0.0
2023-05-31T19:00,21.1,74,1019.4,3,3.4,58,0.0
2023-05-31T20:00,21.4,74,1019.8,1,2.9,60,0.0
2023-05-31T21:00,21.4,74,1020.2,1,2.6,344,0.0
2023-05-31T22:00,21.2,75,1020.9,8,4.7,279,0.0
2023-05-31T23:00,21.0,79,1021.4,32,8.8,261,0.0
2023-06-01T00:00,20.7,77,1021.9,64,11.2,270,0.0
2023-06-01T01:00,20.2,79,1021.9,51,13.4,250,0.0
2023-06-01T02:00,20.0,80,1021.7,0,12.4,248,0.0
2023-06-01T03:00,19.7,78,1021.3,0,12.5,258,0.0
2023-06-01T04:00,19.5,80,1020.9,0,11.7,261,0.0
2023-06-01T05:00,19.3,83,1020.5,0,10.7,256,0.0
2023-06-01T06:00,19.1,84,1020.1,0,8.9,256,0.0
2023-06-01T07:00,19.2,83,1019.8,0,7.6,262,0.0
2023-06-01T08:00,19.2,83,1019.4,11,5.0,330,0.0
2023-06-01T09:00,19.1,87,1020.3,15,7.4,241,0.0
2023-06-01T10:00,18.6,90,1021.1,0,9.1,252,0.0
2023-06-01T11:00,18.0,95,1021.7,26,10.8,268,0.0
2023-06-01T12:00,18.0,92,1022.4,75,13.0,265,0.0
2023-06-01T13:00,18.0,92,1022.7,34,12.3,263,0.0
2023-06-01T14:00,18.9,88,1022.4,5,9.0,254,0.0
2023-06-01T15:00,19.5,85,1021.6,4,5.2,236,0.0
2023-06-01T16:00,19.9,84,1020.9,2,5.4,184,0.0
2023-06-01T17:00,20.1,82,1020.5,0,6.2,159,0.0
2023-06-01T18:00,20.5,81,1020.3,0,6.6,151,0.0
2023-06-01T19:00,20.9,78,1020.2,0,6.4,142,0.0
2023-06-01T20:00,21.2,76,1020.4,0,6.0,123,0.0
2023-06-01T21:00,21.4,71,1020.6,0,6.4,106,0.0
2023-06-01T22:00,21.5,66,1021.1,0,3.9,56,0.0
2023-06-01T23:00,21.5,68,1021.5,0,4.3,355,0.0
2023-06-02T00:00,21.5,66,1022.2,0,3.0,256,0.0
2023-06-02T01:00,21.5,66,1022.1,0,3.6,264,0.0
2023-06-02T02:00,21.4,65,1021.6,0,4.2,290,0.0
2023-06-02T03:00,21.0,70,1021.4,0,6.6,292,0.0
2023-06-02T04:00,20.5,78,1021.0,0,9.2,296,0.0
2023-06-02T05:00,20.2,83,1020.6,19,10.1,297,0.0
2023-06-02T06:00,20.0,85,1020.1,22,9.3,298,0.0
2023-06-02T07:00,19.9,84,1019.9,35,8.2,308,0.0
2023-06-02T08:00,19.9,82,1019.5,18,9.3,324,0.0
2023-06-02T09:00,20.2,78,1019.5,1,8.6,338,0.0
2023-06-02T10:00,21.0,68,1019.9,0,8.7,7,0.0
2023-06-02T11:00,21.5,61,1020.2,0,11.6,22,0.0
2023-06-02T12:00,21.7,59,1021.2,0,8.2,15,0.0
2023-06-02T13:00,21.6,62,1022.1,0,7.1,41,0.0
2023-06-02T14:00,21.5,67,1022.0,0,8.9,47,0.0
2023-06-02T15:00,21.5,71,1021.5,0,10.2,48,0.0
2023-06-02T16:00,21.6,72,1020.4,0,13.3,52,0.0
2023-06-02T17:00,21.9,71,1019.5,0,15.8,55,0.0
2023-06-02T18:00,22.0,72,1018.8,0,19.5,52,0.0
2023-06-02T19:00,22.1,73,1018.7,0,21.2,50,0.0
2023-06-02T20:00,22.1,73,1018.6,0,23.2,47,0.0
2023-06-02T21:00,22.2,72,1018.6,0,24.7,47,0.0
2023-06-02T22:00,22.2,74,1019.0,0,26.3,42,0.0
2023-06-02T23:00,22.1,76,1019.2,3,27.9,36,0.0
2023-06-03T00:00,22.1,78,1019.6,0,27.0,34,0.0
2023-06-03T01:00,22.0,82,1019.7,0,28.4,29,0.0
2023-06-03T02:00,21.8,84,1019.8,0,30.3,24,0.0
2023-06-03T03:00,21.5,86,1019.2,0,32.5,21,0.0
2023-06-03T04:00,21.3,88,1018.4,0,35.1,21,0.0
2023-06-03T05:00,21.2,86,1017.8,0,36.5,22,0.0
2023-06-03T06:00,21.2,82,1017.3,0,35.7,22,0.0
2023-06-03T07:00,21.4,75,1017.2,0,35.0,20,0.0
2023-06-03T08:00,21.4,73,1017.3,0,35.9,19,0.0
2023-06-03T09:00,21.6,69,1017.6,0,36.1,19,0.0
2023-06-03T10:00,21.6,69,1018.0,0,37.7,17,0.0
2023-06-03T11:00,21.3,72,1018.7,0,35.0,15,0.0
2023-06-03T12:00,21.1,77,1019.7,0,31.3,12,0.0
2023-06-03T13:00,21.1,76,1020.1,0,27.8,5,0.0
2023-06-03T14:00,21.4,75,1019.6,0,24.6,6,0.0
2023-06-03T15:00,21.7,77,1018.7,0,23.9,7,0.0
2023-06-03T16:00,21.8,82,1017.4,0,23.1,15,0.0
2023-06-03T17:00,21.8,84,1016.6,0,23.6,21,0.0
2023-06-03T18:00,21.9,83,1016.2,0,23.4,25,0.0
2023-06-03T19:00,22.0,85,1016.3,0,22.1,28,0.0
2023-06-03T20:00,22.0,85,1016.3,0,22.2,29,0.0
2023-06-03T21:00,22.1,84,1016.7,0,22.1,24,0.0
2023-06-03T22:00,22.2,84,1017.4,0,20.2,19,0.0
2023-06-03T23:00,22.0,86,1017.8,0,18.4,11,0.0
2023-06-04T00:00,21.4,86,1018.1,0,10.2,342,0.0
2023-06-04T01:00,20.5,90,1018.4,0,7.4,299,0.0
2023-06-04T02:00,20.1,90,1018.7,0,8.0,280,0.0
2023-06-04T03:00,20.2,81,1018.6,0,8.0,278,0.0
2023-06-04T04:00,20.2,76,1018.4,0,8.0,265,0.0
2023-06-04T05:00,20.1,76,1018.4,0,7.8,257,0.0
2023-06-04T06:00,19.8,81,1018.3,0,8.0,275,0.0
2023-06-04T07:00,19.5,84,1018.4,0,8.7,287,0.0
2023-06-04T08:00,19.6,84,1018.3,0,9.7,301,0.0
2023-06-04T09:00,20.0,79,1018.7,0,8.5,306,0.0
2023-06-04T10:00,20.1,79,1019.3,0,6.9,298,0.0
2023-06-04T11:00,20.1,79,1019.6,0,7.7,323,0.0
2023-06-04T12:00,19.1,81,1020.8,3,9.3,257,0.0
2023-06-04T13:00,19.3,78,1021.2,0,8.7,275,0.0
2023-06-04T14:00,19.8,75,1021.1,12,7.9,294,0.0
2023-06-04T15:00,20.2,72,1020.6,96,4.8,318,0.0
2023-06-04T16:00,20.2,73,1019.7,97,1.1,360,0.0
2023-06-04T17:00,20.4,70,1019.0,92,1.6,117,0.0
2023-06-04T18:00,20.8,71,1018.7,100,3.7,101,0.0
2023-06-04T19:00,21.5,71,1018.9,100,5.6,105,0.0
2023-06-04T20:00,21.8,73,1019.3,82,5.8,97,0.0
2023-06-04T21:00,21.7,73,1019.9,84,4.0,63,0.0
2023-06-04T22:00,21.5,76,1020.2,25,5.6,345,0.0
2023-06-04T23:00,21.4,77,1020.7,11,6.4,297,0.0
2023-06-05T00:00,21.6,75,1021.4,91,9.8,276,0.0
2023-06-05T01:00,21.4,75,1021.4,99,10.7,284,0.0
2023-06-05T02:00,21.1,77,1021.1,100,11.5,290,0.0
2023-06-05T03:00,20.8,82,1021.0,99,11.2,291,0.0
2023-06-05T04:00,20.6,86,1020.3,24,10.5,301,0.0
2023-06-05T05:00,20.5,89,1020.0,100,10.0,308,0.0
2023-06-05T06:00,21.0,78,1019.8,62,11.5,309,0.0
2023-06-05T07:00,20.8,79,1019.5,99,11.3,301,0.0
2023-06-05T08:00,20.4,81,1019.3,100,11.5,290,0.0
2023-06-05T09:00,20.0,81,1019.4,100,12.2,289,0.0
2023-06-05T10:00,19.6,83,1020.3,100,13.7,272,0.0
2023-06-05T11:00,18.8,85,1021.2,96,21.7,243,0.0
2023-06-05T12:00,20.2,87,1022.4,79,23.3,235,0.0
2023-06-05T13:00,20.4,84,1023.1,91,31.8,213,0.2
2023-06-05T14:00,20.5,85,1022.7,38,21.4,224,0.3
2023-06-05T15:00,20.7,84,1021.9,27,18.6,227,0.0
2023-06-05T16:00,20.9,83,1021.4,11,21.2,222,0.0
2023-06-05T17:00,21.0,82,1020.8,27,27.0,211,0.0
2023-06-05T18:00,20.5,87,1021.2,31,32.9,203,0.1
2023-06-05T19:00,21.0,78,1021.3,18,35.4,192,0.1
2023-06-05T20:00,20.6,77,1021.5,4,31.2,191,0.0
2023-06-05T21:00,20.4,76,1022.1,13,32.1,196,0.0
2023-06-05T22:00,20.2,75,1022.5,93,30.7,194,0.0
2023-06-05T23:00,20.1,74,1023.0,97,29.4,197,0.0
2023-06-06T00:00,20.4,71,1023.5,100,25.7,198,0.0
2023-06-06T01:00,20.2,72,1023.6,100,22.7,203,0.0
2023-06-06T02:00,20.1,73,1023.4,100,20.0,214,0.0
2023-06-06T03:00,20.0,74,1023.2,41,20.5,208,0.0
2023-06-06T04:00,19.7,75,1022.4,18,16.1,214,0.0
2023-06-06T05:00,19.5,76,1022.0,26,14.6,220,0.0
2023-06-06T06:00,19.0,79,1021.2,36,12.4,234,0.0
2023-06-06T07:00,19.0,80,1021.1,27,14.1,212,0.0
2023-06-06T08:00,19.2,78,1021.5,20,15.9,193,0.0
2023-06-06T09:00,19.3,76,1021.7,34,13.0,182,0.0
2023-06-06T10:00,19.3,74,1022.4,27,9.0,185,0.0
2023-06-06T11:00,19.1,75,1022.8,63,5.6,207,0.0
2023-06-06T12:00,18.5,82,1023.0,71,7.8,257,0.0
2023-06-06T13:00,18.5,83,1023.4,65,7.6,270,0.0
2023-06-06T14:00,18.6,83,1023.0,31,4.1,308,0.0
2023-06-06T15:00,18.8,82,1022.3,6,4.9,17,0.0
2023-06-06T16:00,19.1,81,1020.8,1,12.7,43,0.0
2023-06-06T17:00,19.7,80,1019.8,1,16.7,57,0.0
2023-06-06T18:00,19.8,81,1019.5,7,18.2,65,0.0
2023-06-06T19:00,20.1,81,1019.5,21,18.6,58,0.0
2023-06-06T20:00,20.5,81,1019.7,9,19.2,50,0.0
2023-06-06T21:00,20.9,81,1020.1,24,19.9,48,0.0
2023-06-06T22:00,21.1,80,1020.3,100,21.6,37,0.0
2023-06-06T23:00,21.4,80,1020.4,100,23.7,33,0.0
2023-06-07T00:00,21.3,83,1020.6,36,26.5,18,0.0
2023-06-07T01:00,21.2,84,1020.6,55,26.7,4,0.0
2023-06-07T02:00,20.5,88,1020.5,15,21.6,356,0.0
2023-06-07T03:00,20.4,87,1020.4,9,19.5,3,0.0
2023-06-07T04:00,20.5,87,1019.9,5,20.7,13,0.0
2023-06-07T05:00,20.2,90,1019.5,10,20.4,17,0.0
2023-06-07T06:00,20.1,89,1018.8,14,19.5,16,0.0
2023-06-07T07:00,20.1,88,1018.0,15,19.5,12,0.0
2023-06-07T08:00,19.8,88,1017.7,24,22.4,5,0.0
2023-06-07T09:00,19.5,87,1018.2,13,19.1,1,0.0
2023-06-07T10:00,19.2,85,1018.8,10,13.8,354,0.0
2023-06-07T11:00,18.8,85,1019.4,8,10.5,311,0.0
2023-06-07T12:00,17.1,91,1020.3,4,12.4,260,0.0
2023-06-07T13:00,17.0,87,1020.9,1,10.1,253,0.0
2023-06-07T14:00,17.9,82,1021.0,20,9.8,246,0.0
2023-06-07T15:00,18.8,79,1020.3,30,6.4,223,0.0
2023-06-07T16:00,19.0,80,1019.5,83,6.2,187,0.0
2023-06-07T17:00,19.1,80,1018.7,91,4.6,141,0.0
2023-06-07T18:00,19.6,78,1018.5,92,5.0,90,0.0
2023-06-07T19:00,20.2,73,1018.6,60,6.9,51,0.0
2023-06-07T20:00,21.0,71,1018.8,92,7.8,34,0.0
2023-06-07T21:00,21.4,70,1019.3,79,4.8,27,0.0
2023-06-07T22:00,21.6,68,1019.5,34,3.6,360,0.0
2023-06-07T23:00,22.0,66,1019.7,1,5.4,356,0.0
2023-06-08T00:00,21.5,74,1020.5,26,8.4,317,0.0
2023-06-08T01:00,21.5,73,1020.6,22,8.7,300,0.0
2023-06-08T02:00,21.5,76,1020.6,10,9.3,286,0.0
2023-06-08T03:00,21.5,77,1020.6,79,8.0,275,0.0
2023-06-08T04:00,21.2,84,1020.4,36,5.8,270,0.0
2023-06-08T05:00,21.3,84,1020.2,14,4.4,279,0.0
2023-06-08T06:00,21.7,73,1019.7,50,2.3,309,0.0
2023-06-08T07:00,21.9,73,1019.3,19,2.2,360,0.0
2023-06-08T08:00,22.0,72,1019.2,17,3.9,22,0.0
2023-06-08T09:00,22.2,71,1019.4,48,6.7,16,0.0
2023-06-08T10:00,22.3,69,1019.6,13,12.2,14,0.0
2023-06-08T11:00,22.1,71,1020.0,13,15.3,15,0.0
2023-06-08T12:00,22.0,71,1020.6,9,14.1,15,0.0
2023-06-08T13:00,22.0,67,1021.2,17,12.2,14,0.0
2023-06-08T14:00,21.6,72,1020.8,64,13.4,24,0.0
2023-06-08T15:00,21.2,79,1020.4,32,13.6,37,0.0
2023-06-08T16:00,21.1,82,1019.3,0,16.3,47,0.0
2023-06-08T17:00,21.5,80,1018.2,0,19.1,47,0.0
2023-06-08T18:00,21.8,80,1017.4,0,21.7,43,0.0
2023-06-08T19:00,21.7,84,1017.2,0,23.5,41,0.0
2023-06-08T20:00,21.8,84,1017.0,0,24.1,39,0.0
2023-06-08T21:00,21.9,83,1016.9,0,25.9,38,0.0
2023-06-08T22:00,22.1,82,1016.7,0,27.0,34,0.0
2023-06-08T23:00,22.1,81,1016.9,0,29.3,28,0.0
2023-06-09T00:00,22.1,82,1017.0,0,29.5,25,0.0
2023-06-09T01:00,21.8,89,1016.9,0,29.5,27,0.0
2023-06-09T02:00,21.6,91,1017.0,0,29.6,24,0.0
2023-06-09T03:00,21.8,87,1016.5,0,30.4,19,0.0
2023-06-09T04:00,21.5,87,1015.9,0,31.1,16,0.0
2023-06-09T05:00,21.6,84,1015.5,0,30.4,17,0.0
2023-06-09T06:00,21.6,81,1014.6,0,30.3,16,0.0
2023-06-09T07:00,21.5,79,1014.4,0,28.7,12,0.0
2023-06-09T08:00,21.4,80,1014.0,0,27.5,11,0.0
2023-06-09T09:00,21.4,81,1014.0,0,27.2,11,0.0
2023-06-09T10:00,21.3,82,1014.4,0,26.8,12,0.0
2023-06-09T11:00,21.1,83,1014.7,0,23.1,3,0.0
2023-06-09T12:00,20.8,83,1015.1,0,18.4,356,0.0
2023-06-09T13:00,20.8,77,1015.9,0,8.2,331,0.0
2023-06-09T14:00,20.6,80,1015.8,0,6.5,341,0.0
2023-06-09T15:00,20.8,82,1014.8,0,5.4,352,0.0
2023-06-09T16:00,20.9,86,1013.5,0,6.1,28,0.0
2023-06-09T17:00,21.1,92,1012.6,0,10.0,52,0.0
2023-06-09T18:00,21.9,85,1012.2,2,11.5,51,0.0
2023-06-09T19:00,22.0,87,1012.8,10,10.3,61,0.0
2023-06-09T20:00,22.3,88,1013.0,0,11.8,67,0.0
2023-06-09T21:00,22.5,87,1013.4,53,11.6,64,0.0
2023-06-09T22:00,22.7,86,1013.8,21,10.7,50,0.0
2023-06-09T23:00,22.5,88,1014.2,24,9.0,23,0.0
2023-06-10T00:00,22.5,88,1014.5,36,9.0,2,0.0
2023-06-10T01:00,22.1,88,1014.7,28,11.0,308,0.0
2023-06-10T02:00,22.1,84,1014.7,2,12.8,308,0.0
2023-06-10T03:00,22.2,83,1014.1,11,15.9,322,0.0
2023-06-10T04:00,22.5,79,1013.5,0,18.1,329,0.0
2023-06-10T05:00,22.9,75,1013.1,0,18.4,334,0.0
2023-06-10T06:00,22.8,72,1012.6,1,19.0,333,0.0
2023-06-10T07:00,22.6,69,1012.4,0,18.9,329,0.0
2023-06-10T08:00,22.5,68,1012.1,0,18.2,326,0.0
2023-06-10T09:00,22.4,68,1012.3,0,17.6,316,0.0
2023-06-10T10:00,22.0,68,1012.4,0,17.6,313,0.0
2023-06-10T11:00,21.8,69,1012.6,0,18.6,313,0.0
2023-06-10T12:00,22.6,65,1013.1,0,23.8,308,0.0
2023-06-10T13:00,23.8,62,1013.2,0,24.5,310,0.0
2023-06-10T14:00,24.7,59,1013.0,0,23.3,309,0.0
2023-06-10T15:00,25.2,58,1012.1,0,23.8,309,0.0
2023-06-10T16:00,25.7,58,1010.9,0,21.9,318,0.0
2023-06-10T17:00,25.5,61,1009.6,2,17.5,341,0.0
2023-06-10T18:00,25.2,63,1008.9,0,18.4,1,0.0
2023-06-10T19:00,25.2,63,1008.7,8,19.4,360,0.0
2023-06-10T20:00,25.2,64,1008.9,4,20.2,5,0.0
2023-06-10T21:00,24.9,66,1008.7,86,25.5,8,0.0
2023-06-10T22:00,24.3,70,1008.5,100,24.1,1,0.0
2023-06-10T23:00,23.8,74,1008.9,96,20.9,359,0.0
2023-06-11T00:00,23.6,72,1009.3,100,21.1,335,0.0
2023-06-11T01:00,23.6,72,1009.2,38,19.3,327,0.0
2023-06-11T02:00,23.9,70,1009.5,15,19.6,317,0.0
2023-06-11T03:00,22.0,80,1010.1,11,25.6,250,0.0
2023-06-11T04:00,21.4,92,1009.9,3,24.6,238,0.0
2023-06-11T05:00,21.5,90,1010.4,22,31.4,202,0.0
2023-06-11T06:00,21.0,90,1010.9,80,36.2,215,0.0
2023-06-11T07:00,20.8,90,1011.1,100,33.7,235,0.0
2023-06-11T08:00,20.7,88,1011.3,100,36.6,234,0.0
2023-06-11T09:00,19.9,85,1012.6,100,53.4,216,1.4
2023-06-11T10:00,19.9,81,1013.5,100,45.3,204,0.4
2023-06-11T11:00,19.5,83,1014.6,100,40.1,194,0.5
2023-06-11T12:00,18.9,80,1015.5,100,42.8,202,1.5
2023-06-11T13:00,18.5,78,1016.3,100,40.1,205,0.3
2023-06-11T14:00,18.5,77,1016.5,100,35.6,203,0.6
2023-06-11T15:00,18.2,80,1016.1,100,34.6,211,0.6
2023-06-11T16:00,17.9,83,1015.2,100,30.4,216,2.9
2023-06-11T17:00,17.4,84,1014.9,100,27.8,227,3.0
2023-06-11T18:00,17.2,86,1015.6,100,35.0,230,1.0
2023-06-11T19:00,17.6,82,1015.7,100,35.9,213,0.8
2023-06-11T20:00,17.8,83,1016.4,100,35.1,216,1.1
2023-06-11T21:00,18.0,81,1016.7,100,37.2,210,3.2
2023-06-11T22:00,18.0,78,1017.3,100,39.5,212,1.5
2023-06-11T23:00,18.4,74,1017.6,100,40.6,210,0.4
2023-06-12T00:00,18.3,71,1018.8,100,41.2,208,0.1
2023-06-12T01:00,18.2,69,1019.1,100,42.4,208,0.0
2023-06-12T02:00,18.1,68,1019.9,100,37.3,211,0.0
2023-06-12T03:00,18.0,66,1019.5,100,36.6,205,0.0
2023-06-12T04:00,17.9,65,1019.5,100,36.5,206,0.0
2023-06-12T05:00,17.8,64,1019.4,100,33.8,208,0.0
2023-06-12T06:00,17.5,64,1019.4,100,34.9,211,0.0
2023-06-12T07:00,17.3,66,1019.6,100,35.1,213,0.0
2023-06-12T08:00,17.0,67,1019.4,100,32.7,210,0.0
2023-06-12T09:00,16.9,66,1020.2,100,31.7,212,0.0
2023-06-12T10:00,16.2,72,1021.1,100,29.6,221,0.4
2023-06-12T11:00,16.1,71,1021.4,100,27.0,228,0.4
2023-06-12T12:00,16.1,74,1022.7,100,31.6,215,0.2
2023-06-12T13:00,16.3,73,1023.4,100,33.4,217,0.3
2023-06-12T14:00,16.4,72,1023.4,100,35.2,215,0.1
2023-06-12T15:00,16.5,70,1023.0,100,37.5,206,0.0
2023-06-12T16:00,16.5,69,1022.8,100,37.0,208,0.0
2023-06-12T17:00,16.4,70,1022.4,100,39.0,208,0.0
2023-06-12T18:00,16.2,71,1022.5,100,39.4,207,0.0
2023-06-12T19:00,15.6,75,1023.1,100,39.3,206,0.1
2023-06-12T20:00,16.0,70,1023.6,100,37.8,208,0.2
2023-06-12T21:00,16.5,62,1024.5,100,33.4,209,0.0
2023-06-12T22:00,17.4,57,1024.3,100,36.4,208,0.0
2023-06-12T23:00,17.1,60,1024.7,100,39.5,203,0.0
2023-06-13T00:00,16.8,64,1026.1,87,40.6,201,0.0
2023-06-13T01:00,16.6,62,1026.7,100,38.4,203,0.0
2023-06-13T02:00,16.6,60,1027.3,100,33.5,205,0.0
2023-06-13T03:00,16.4,62,1027.3,100,35.3,207,0.0
2023-06-13T04:00,16.3,61,1027.2,100,35.6,208,0.0
2023-06-13T05:00,16.0,61,1027.0,100,34.3,212,0.0
2023-06-13T06:00,15.8,62,1026.8,100,31.4,217,0.0
2023-06-13T07:00,15.2,66,1026.6,99,30.2,234,0.0
2023-06-13T08:00,13.4,78,1026.7,99,39.3,254,0.0
2023-06-13T09:00,13.4,76,1027.0,97,38.5,256,0.0
2023-06-13T10:00,13.5,74,1027.2,100,37.0,254,0.0
2023-06-13T11:00,13.6,74,1027.5,72,35.6,254,0.0
2023-06-13T12:00,13.1,80,1029.1,91,39.2,248,0.0
2023-06-13T13:00,15.0,74,1029.2,100,36.1,234,0.0
2023-06-13T14:00,15.4,75,1029.0,100,34.5,230,0.0
2023-06-13T15:00,16.5,69,1028.4,100,26.3,220,0.0
2023-06-13T16:00,16.8,71,1027.6,100,26.4,206,0.1
2023-06-13T17:00,17.0,70,1026.9,100,26.4,206,0.0
2023-06-13T18:00,17.0,74,1026.6,100,30.0,203,0.1
2023-06-13T19:00,17.0,75,1026.6,100,31.0,202,0.1
2023-06-13T20:00,17.0,77,1026.9,100,30.2,203,0.1
2023-06-13T21:00,17.0,77,1027.0,100,27.4,197,0.5
2023-06-13T22:00,16.9,78,1026.8,100,22.7,183,0.7
2023-06-13T23:00,16.6,79,1027.2,100,17.8,187,0.9
2023-06-14T00:00,16.4,83,1027.7,100,14.3,208,1.8
2023-06-14T01:00,16.4,84,1027.5,100,16.2,217,1.4
2023-06-14T02:00,16.3,85,1027.2,100,16.4,213,0.7
2023-06-14T03:00,16.5,85,1026.5,100,14.9,195,0.7
2023-06-14T04:00,16.7,84,1026.5,100,14.3,198,1.7
2023-06-14T05:00,17.0,83,1026.2,100,18.7,169,1.4
2023-06-14T06:00,16.9,82,1025.7,100,18.8,168,0.9
2023-06-14T07:00,17.4,79,1025.2,100,21.3,152,1.8
2023-06-14T08:00,17.6,79,1024.6,100,27.0,137,1.1
2023-06-14T09:00,17.5,80,1024.7,100,28.8,138,0.8
2023-06-14T10:00,17.7,76,1025.3,100,28.5,133,0.6
2023-06-14T11:00,18.1,74,1025.3,100,31.6,131,0.7
2023-06-14T12:00,19.4,65,1025.8,100,33.9,131,0.2
2023-06-14T13:00,19.4,65,1026.1,100,32.1,136,0.3
2023-06-14T14:00,19.0,69,1026.4,100,31.4,131,0.6
2023-06-14T15:00,18.8,70,1025.7,100,31.8,134,0.7
2023-06-14T16:00,18.5,73,1024.9,100,31.6,135,0.7
2023-06-14T17:00,19.3,65,1024.3,100,27.0,138,0.3
2023-06-14T18:00,18.6,70,1024.2,100,23.7,136,0.9
2023-06-14T19:00,18.5,73,1024.5,100,21.2,130,0.3
2023-06-14T20:00,18.1,77,1024.8,100,23.8,122,1.1
2023-06-14T21:00,18.4,78,1024.5,100,29.6,124,0.7
2023-06-14T22:00,18.6,77,1024.9,100,31.0,121,0.7
2023-06-14T23:00,19.0,71,1024.8,100,31.3,120,0.5
2023-06-15T00:00,19.4,71,1025.2,100,32.5,126,0.6
2023-06-15T01:00,19.5,70,1025.2,100,32.0,126,0.6
2023-06-15T02:00,19.5,72,1024.8,100,32.4,122,0.9
2023-06-15T03:00,18.6,80,1024.5,100,33.5,123,1.3
2023-06-15T04:00,19.1,74,1024.2,100,31.4,120,0.1
2023-06-15T05:00,19.1,77,1023.7,100,30.9,118,0.5
2023-06-15T06:00,19.0,78,1022.8,100,32.5,111,0.5
2023-06-15T07:00,19.2,77,1021.7,100,33.2,108,0.2
2023-06-15T08:00,19.1,78,1021.0,100,34.2,108,0.4
2023-06-15T09:00,19.8,75,1020.8,100,34.9,109,0.1
2023-06-15T10:00,19.7,77,1021.0,100,35.2,104,0.1
2023-06-15T11:00,19.9,77,1021.1,100,38.8,107,0.0
2023-06-15T12:00,19.9,78,1020.2,100,41.2,116,0.1
2023-06-15T13:00,19.6,82,1020.3,100,39.9,118,0.5
2023-06-15T14:00,19.9,82,1019.5,100,44.1,115,3.1
2023-06-15T15:00,19.5,87,1018.4,100,42.5,110,3.6
2023-06-15T16:00,19.5,90,1016.9,100,41.5,106,7.4
2023-06-15T17:00,20.1,86,1015.5,100,39.4,117,8.3
2023-06-15T18:00,20.2,89,1013.7,100,39.4,113,13.1
2023-06-15T19:00,20.9,86,1012.5,100,57.2,84,2.8
2023-06-15T20:00,21.1,87,1011.6,100,41.2,72,1.8
2023-06-15T21:00,21.4,88,1011.0,100,33.5,32,0.2
2023-06-15T22:00,20.0,86,1011.0,100,32.6,329,0.4
2023-06-15T23:00,19.0,88,1011.0,27,20.2,320,0.1
2023-06-16T00:00,20.8,80,1011.2,18,13.0,312,0.0
2023-06-16T01:00,20.7,80,1011.0,0,6.4,317,0.0
2023-06-16T02:00,21.0,80,1010.9,0,21.8,351,0.0
2023-06-16T03:00,20.4,68,1010.9,3,26.5,317,0.0
2023-06-16T04:00,20.4,68,1010.6,10,26.9,302,0.0
2023-06-16T05:00,20.7,62,1009.8,18,30.4,319,0.0
2023-06-16T06:00,20.0,67,1009.2,16,29.9,333,0.0
2023-06-16T07:00,20.0,64,1009.3,24,28.5,334,0.0
2023-06-16T08:00,20.5,62,1008.9,32,32.9,331,0.0
2023-06-16T09:00,20.7,62,1009.0,18,32.3,325,0.0
2023-06-16T10:00,20.7,54,1009.7,85,35.4,308,0.0
2023-06-16T11:00,20.5,55,1010.1,100,27.8,304,0.0
2023-06-16T12:00,20.6,55,1010.1,47,38.4,309,0.0
2023-06-16T13:00,20.5,57,1011.0,91,30.7,301,0.0
2023-06-16T14:00,20.5,60,1011.1,98,27.2,285,0.0
2023-06-16T15:00,20.7,64,1011.3,100,26.8,276,0.0
2023-06-16T16:00,21.0,63,1011.4,100,43.0,258,0.0
2023-06-16T17:00,20.5,66,1011.8,100,49.0,249,0.0
2023-06-16T18:00,20.3,67,1012.3,27,45.6,243,0.0
2023-06-16T19:00,20.2,68,1013.0,14,47.0,239,0.0
2023-06-16T20:00,20.0,68,1014.3,22,47.0,237,0.0
2023-06-16T21:00,19.7,69,1015.5,41,49.6,238,0.0
2023-06-16T22:00,19.3,69,1016.2,11,47.7,240,0.0
2023-06-16T23:00,19.0,68,1016.8,12,47.7,242,0.0
2023-06-17T00:00,18.5,70,1017.2,21,53.2,239,0.0
2023-06-17T01:00,18.5,69,1017.7,19,50.3,238,0.0
2023-06-17T02:00,18.2,69,1018.3,23,47.4,240,0.0
2023-06-17T03:00,17.8,71,1018.7,39,46.2,242,0.0
2023-06-17T04:00,17.8,71,1018.6,94,43.6,242,0.0
2023-06-17T05:00,17.8,70,1018.7,80,40.6,244,0.0
2023-06-17T06:00,17.8,71,1019.0,71,42.9,240,0.0
2023-06-17T07:00,17.6,70,1019.4,50,45.4,236,0.0
2023-06-17T08:00,17.5,67,1019.3,26,45.7,234,0.0
2023-06-17T09:00,17.3,67,1020.2,4,45.4,232,0.0
2023-06-17T10:00,17.1,68,1020.9,8,44.8,231,0.0
2023-06-17T11:00,17.0,68,1021.8,0,44.3,228,0.0
2023-06-17T12:00,17.1,68,1022.5,0,42.6,233,0.0
2023-06-17T13:00,17.0,66,1022.8,0,41.0,231,0.0
2023-06-17T14:00,17.0,66,1022.9,0,41.6,230,0.0
2023-06-17T15:00,17.0,66,1022.4,0,40.7,224,0.0
2023-06-17T16:00,16.9,69,1021.7,0,43.3,216,0.0
2023-06-17T17:00,17.0,69,1020.8,0,40.9,212,0.0
2023-06-17T18:00,17.3,68,1020.4,0,39.8,207,0.0
2023-06-17T19:00,17.4,68,1020.4,0,38.0,205,0.0
2023-06-17T20:00,17.1,71,1020.9,0,39.3,201,0.0
2023-06-17T21:00,17.5,67,1021.4,0,36.2,201,0.0
2023-06-17T22:00,17.6,67,1022.1,0,39.2,200,0.0
2023-06-17T23:00,17.6,65,1022.4,0,40.8,202,0.0
2023-06-18T00:00,17.4,66,1023.0,4,39.8,205,0.0
2023-06-18T01:00,17.3,65,1023.1,27,40.9,214,0.0
2023-06-18T02:00,17.2,63,1023.3,42,39.0,229,0.0
2023-06-18T03:00,16.7,66,1023.2,2,35.1,241,0.0
2023-06-18T04:00,16.1,67,1023.0,0,29.8,245,0.0
2023-06-18T05:00,15.5,70,1022.8,0,26.2,252,0.0
2023-06-18T06:00,15.2,70,1022.5,0,25.0,252,0.0
2023-06-18T07:00,15.1,69,1022.3,0,26.4,250,0.0
2023-06-18T08:00,15.1,67,1022.2,0,27.5,248,0.0
2023-06-18T09:00,14.9,67,1022.8,1,26.8,253,0.0
2023-06-18T10:00,14.6,68,1023.6,0,26.6,257,0.0
2023-06-18T11:00,14.4,69,1024.2,1,26.9,262,0.0
2023-06-18T12:00,14.2,70,1025.4,0,26.9,258,0.0
2023-06-18T13:00,14.6,66,1025.8,0,25.4,252,0.0
2023-06-18T14:00,15.4,60,1025.7,11,25.4,232,0.0
2023-06-18T15:00,15.6,61,1025.1,14,26.7,226,0.0
2023-06-18T16:00,15.6,60,1024.5,13,26.1,218,0.0
2023-06-18T17:00,15.7,60,1023.7,2,27.1,213,0.0
2023-06-18T18:00,15.9,60,1023.5,0,25.5,211,0.0
2023-06-18T19:00,16.1,59,1023.6,29,23.2,221,0.0
2023-06-18T20:00,16.5,58,1023.9,5,24.0,221,0.0
2023-06-18T21:00,16.7,58,1024.2,14,24.1,219,0.0
2023-06-18T22:00,16.8,59,1024.9,6,23.7,213,0.0
2023-06-18T23:00,16.9,60,1025.2,13,24.0,208,0.0
2023-06-19T00:00,16.8,61,1026.0,49,21.9,213,0.0
2023-06-19T01:00,16.5,61,1026.4,49,19.2,214,0.0
2023-06-19T02:00,16.2,62,1026.6,100,16.1,222,0.0
2023-06-19T03:00,15.9,66,1026.3,22,14.6,230,0.0
2023-06-19T04:00,15.6,71,1026.1,4,13.4,246,0.0
2023-06-19T05:00,15.5,72,1025.9,5,12.8,260,0.0
2023-06-19T06:00,15.2,74,1025.7,0,14.4,270,0.0
2023-06-19T07:00,14.8,75,1025.6,5,16.3,278,0.0
2023-06-19T08:00,14.6,75,1025.4,7,16.4,279,0.0
2023-06-19T09:00,14.6,73,1025.6,10,15.6,277,0.0
2023-06-19T10:00,14.7,73,1026.2,19,13.8,277,0.0
2023-06-19T11:00,14.6,75,1026.6,21,12.9,283,0.0
2023-06-19T12:00,14.2,75,1027.5,6,11.4,298,0.0
2023-06-19T13:00,14.7,73,1027.7,0,9.8,306,0.0
2023-06-19T14:00,15.5,73,1027.3,0,13.1,352,0.0
2023-06-19T15:00,16.4,68,1026.8,0,22.3,18,0.0
2023-06-19T16:00,16.7,70,1026.0,0,24.9,20,0.0
2023-06-19T17:00,17.2,69,1024.8,0,26.8,24,0.0
2023-06-19T18:00,17.6,70,1024.1,0,29.3,29,0.0
2023-06-19T19:00,18.0,68,1023.9,22,31.4,32,0.0
2023-06-19T20:00,18.2,68,1024.0,12,33.2,32,0.0
2023-06-19T21:00,18.4,68,1024.0,96,34.8,28,0.0
2023-06-19T22:00,18.4,67,1024.4,100,36.1,25,0.0
2023-06-19T23:00,18.4,67,1024.8,99,36.1,25,0.0
2023-06-20T00:00,18.2,68,1025.4,100,38.5,21,0.0
2023-06-20T01:00,18.1,68,1025.3,100,38.5,21,0.0
2023-06-20T02:00,18.0,68,1025.3,99,38.8,21,0.0
2023-06-20T03:00,17.9,68,1025.0,100,39.7,16,0.0
2023-06-20T04:00,18.0,68,1024.5,100,39.8,18,0.0
2023-06-20T05:00,18.1,68,1024.2,100,40.7,17,0.0
2023-06-20T06:00,18.2,67,1023.3,100,40.9,18,0.0
2023-06-20T07:00,18.3,68,1022.5,100,41.6,21,0.0
2023-06-20T08:00,18.4,68,1022.2,95,41.3,20,0.0
2023-06-20T09:00,18.3,70,1021.8,100,42.5,21,0.0
2023-06-20T10:00,18.3,70,1022.0,100,42.7,19,0.0
2023-06-20T11:00,18.2,71,1022.3,100,41.8,15,0.0
2023-06-20T12:00,18.3,69,1022.9,98,35.5,11,0.0
2023-06-20T13:00,18.2,70,1023.3,100,27.7,360,0.0
2023-06-20T14:00,17.8,70,1023.3,98,19.0,345,0.0
2023-06-20T15:00,17.6,70,1022.8,89,14.7,329,0.0
2023-06-20T16:00,17.5,67,1021.7,84,9.6,326,0.0
2023-06-20T17:00,17.9,65,1020.8,79,7.6,352,0.0
2023-06-20T18:00,18.6,69,1020.4,3,10.1,2,0.0
2023-06-20T19:00,19.2,71,1020.3,0,13.3,2,0.0
2023-06-20T20:00,19.5,74,1020.4,3,14.3,10,0.0
2023-06-20T21:00,19.6,76,1020.2,12,18.5,13,0.0
2023-06-20T22:00,19.7,75,1020.2,0,20.5,10,0.0
2023-06-20T23:00,19.5,75,1020.4,2,20.8,9,0.0
2023-06-21T00:00,19.2,76,1020.8,3,18.0,359,0.0
2023-06-21T01:00,18.7,79,1020.7,14,17.3,356,0.0
2023-06-21T02:00,18.5,81,1021.0,95,17.3,355,0.0
2023-06-21T03:00,18.5,80,1020.7,99,19.2,5,0.0
2023-06-21T04:00,18.8,78,1020.4,100,25.3,11,0.0
2023-06-21T05:00,19.0,75,1019.5,100,31.7,12,0.0
2023-06-21T06:00,19.0,78,1018.9,100,34.4,16,0.0
2023-06-21T07:00,19.1,78,1018.6,100,35.6,14,0.0
2023-06-21T08:00,19.4,80,1018.1,100,34.6,17,0.0
2023-06-21T09:00,19.3,81,1018.4,100,34.7,19,0.0
2023-06-21T10:00,19.5,80,1018.5,100,37.9,18,0.0
2023-06-21T11:00,19.6,80,1018.7,100,38.6,18,0.0
2023-06-21T12:00,19.1,80,1019.4,100,28.7,12,0.0
2023-06-21T13:00,19.4,81,1019.8,100,30.4,14,0.0
2023-06-21T14:00,19.4,82,1019.7,100,29.6,13,0.0
2023-06-21T15:00,19.6,83,1019.0,100,32.2,18,0.0
2023-06-21T16:00,19.6,83,1018.2,49,34.6,19,0.0
2023-06-21T17:00,19.8,84,1017.5,31,34.8,21,0.0
2023-06-21T18:00,19.9,84,1016.8,58,36.2,27,0.0
2023-06-21T19:00,20.0,84,1016.5,99,38.0,26,0.0
2023-06-21T20:00,20.0,85,1016.2,100,36.9,29,0.0
2023-06-21T21:00,20.1,84,1016.3,100,37.7,27,0.0
2023-06-21T22:00,20.0,86,1016.4,100,39.0,23,0.0
2023-06-21T23:00,19.9,87,1016.9,100,37.1,23,0.3
2023-06-22T00:00,19.8,88,1016.8,100,36.4,18,0.0
2023-06-22T01:00,19.9,88,1017.2,100,32.4,17,0.0
2023-06-22T02:00,19.8,87,1017.3,64,29.3,6,0.0
2023-06-22T03:00,19.8,87,1016.9,65,29.8,12,0.0
2023-06-22T04:00,19.8,86,1015.6,99,37.8,18,0.0
2023-06-22T05:00,19.9,84,1015.2,62,38.3,12,0.0
2023-06-22T06:00,19.8,85,1014.5,20,38.9,11,0.0
2023-06-22T07:00,19.7,87,1014.2,40,39.4,9,0.0
2023-06-22T08:00,19.7,87,1014.0,75,38.1,10,0.0
2023-06-22T09:00,19.5,88,1014.4,74,35.8,13,0.1
2023-06-22T10:00,19.7,87,1014.7,78,33.0,11,0.0
2023-06-22T11:00,19.4,89,1015.1,96,34.3,5,0.0
2023-06-22T12:00,19.6,89,1015.7,98,20.5,1,0.0
2023-06-22T13:00,19.6,90,1016.0,100,18.4,357,0.1
2023-06-22T14:00,19.6,90,1016.0,97,19.8,358,0.0
2023-06-22T15:00,19.6,90,1015.2,100,17.4,7,0.0
2023-06-22T16:00,19.7,89,1014.4,100,14.7,17,0.0
2023-06-22T17:00,19.6,91,1014.2,96,7.2,53,0.0
2023-06-22T18:00,19.5,93,1013.7,29,8.6,68,0.0
2023-06-22T19:00,19.7,92,1013.5,65,9.3,74,0.0
2023-06-22T20:00,19.8,94,1013.9,99,4.5,61,0.0
2023-06-22T21:00,20.0,93,1014.6,100,6.6,189,0.0
2023-06-22T22:00,19.6,91,1016.1,100,30.1,191,1.6
2023-06-22T23:00,19.5,87,1015.4,100,25.2,166,1.1
2023-06-23T00:00,19.5,89,1017.1,100,20.0,194,0.0
2023-06-23T01:00,19.4,88,1017.0,100,18.1,197,0.0
2023-06-23T02:00,19.2,88,1017.2,100,10.5,221,0.0
2023-06-23T03:00,18.9,88,1016.6,100,10.1,215,0.0
2023-06-23T04:00,18.8,88,1016.0,100,4.0,207,0.0
2023-06-23T05:00,18.6,88,1015.8,100,0.7,270,0.0
2023-06-23T06:00,18.8,88,1015.1,100,7.3,70,0.0
2023-06-23T07:00,19.0,89,1015.0,100,9.2,69,0.0
2023-06-23T08:00,19.1,89,1014.5,100,14.3,78,0.0
2023-06-23T09:00,19.4,90,1014.3,100,14.8,67,0.0
2023-06-23T10:00,19.6,89,1014.6,100,15.8,47,0.1
2023-06-23T11:00,19.8,89,1014.5,100,20.6,36,0.4
2023-06-23T12:00,19.5,89,1015.5,100,11.0,139,0.4
2023-06-23T13:00,19.4,90,1016.5,100,5.4,340,3.6
2023-06-23T14:00,19.5,90,1016.2,100,17.3,360,4.2
2023-06-23T15:00,19.2,91,1015.8,100,14.9,353,3.5
2023-06-23T16:00,18.8,95,1014.1,100,18.7,19,2.4
2023-06-23T17:00,18.8,95,1013.0,100,23.6,19,0.1
2023-06-23T18:00,19.4,89,1011.7,100,33.0,22,0.0
2023-06-23T19:00,19.5,87,1011.6,100,35.5,10,0.0
2023-06-23T20:00,19.5,92,1011.8,100,28.2,14,0.0
2023-06-23T21:00,19.6,92,1012.1,88,27.9,11,0.0
2023-06-23T22:00,19.8,89,1012.7,100,25.7,6,0.0
2023-06-23T23:00,20.0,88,1013.2,100,20.9,3,0.0
2023-06-24T00:00,19.0,90,1014.3,100,12.2,256,0.0
2023-06-24T01:00,19.1,90,1014.6,100,10.8,249,0.0
2023-06-24T02:00,19.4,87,1014.4,100,7.9,267,0.0
2023-06-24T03:00,19.5,89,1014.0,100,7.9,313,0.0
2023-06-24T04:00,19.6,89,1014.3,11,11.0,349,0.0
2023-06-24T05:00,20.0,82,1014.1,0,16.2,4,0.0
2023-06-24T06:00,20.0,85,1013.3,0,14.1,13,0.0
2023-06-24T07:00,20.0,86,1012.7,0,12.8,16,0.0
2023-06-24T08:00,20.1,86,1012.7,2,10.6,10,0.0
2023-06-24T09:00,20.1,87,1013.2,12,8.2,29,0.0
2023-06-24T10:00,20.1,89,1014.0,9,8.6,22,0.0
2023-06-24T11:00,20.2,87,1014.6,29,9.9,10,0.0
2023-06-24T12:00,19.9,87,1015.4,99,15.8,1,0.0
2023-06-24T13:00,19.6,86,1015.9,100,14.1,4,0.0
2023-06-24T14:00,19.6,85,1015.6,99,13.0,19,0.0
2023-06-24T15:00,19.4,87,1015.0,100,13.0,44,0.0
2023-06-24T16:00,19.5,86,1014.3,98,16.1,51,0.0
2023-06-24T17:00,19.8,86,1013.5,100,21.1,44,0.0
2023-06-24T18:00,20.0,86,1013.0,62,21.9,42,0.0
2023-06-24T19:00,20.1,87,1013.4,94,21.1,47,0.0
2023-06-24T20:00,20.4,86,1013.6,99,20.4,48,0.0
2023-06-24T21:00,20.6,85,1014.2,100,20.7,50,0.0
2023-06-24T22:00,20.9,84,1014.5,85,21.4,44,0.0
2023-06-24T23:00,20.9,87,1014.1,19,22.9,33,0.0
2023-06-25T00:00,20.5,89,1014.9,3,16.2,32,0.0
2023-06-25T01:00,20.2,91,1015.2,0,15.6,7,0.0
2023-06-25T02:00,20.2,91,1015.1,6,17.3,1,0.0
2023-06-25T03:00,20.4,90,1015.0,65,18.0,2,0.0
2023-06-25T04:00,20.0,91,1015.7,48,10.0,345,0.0
2023-06-25T05:00,19.9,90,1015.3,73,10.5,329,0.0
2023-06-25T06:00,19.5,89,1014.7,48,11.6,324,0.0
2023-06-25T07:00,20.0,86,1014.7,0,11.2,318,0.0
2023-06-25T08:00,20.5,83,1014.3,0,12.4,330,0.0
2023-06-25T09:00,20.4,84,1014.6,0,12.9,347,0.0
2023-06-25T10:00,20.2,85,1015.1,0,14.5,354,0.0
2023-06-25T11:00,20.1,84,1015.7,0,15.0,343,0.0
2023-06-25T12:00,20.0,86,1016.3,0,9.2,309,0.0
2023-06-25T13:00,20.0,87,1016.1,9,7.4,313,0.0
2023-06-25T14:00,20.9,81,1016.3,51,3.0,256,0.0
2023-06-25T15:00,21.0,82,1016.6,0,9.0,203,0.0
2023-06-25T16:00,22.5,70,1015.3,6,3.7,169,0.0
2023-06-25T17:00,21.4,80,1014.9,2,8.8,102,0.0
2023-06-25T18:00,21.2,80,1014.7,100,13.2,64,0.0
2023-06-25T19:00,20.7,85,1014.7,100,16.0,36,0.0
2023-06-25T20:00,21.1,83,1014.6,97,20.0,28,0.0
2023-06-25T21:00,21.8,80,1014.9,0,15.9,18,0.0
2023-06-25T22:00,21.5,83,1016.0,0,28.3,168,0.0
2023-06-25T23:00,21.8,77,1016.0,0,19.6,139,0.0
2023-06-26T00:00,21.8,77,1016.7,0,20.6,134,0.0
2023-06-26T01:00,21.1,84,1017.3,15,13.6,143,0.0
2023-06-26T02:00,20.8,85,1018.0,12,19.9,215,0.0
2023-06-26T03:00,20.2,90,1017.8,19,6.6,167,0.0
2023-06-26T04:00,20.1,89,1017.9,45,11.8,250,0.0
2023-06-26T05:00,19.5,90,1017.5,7,10.8,268,0.0
2023-06-26T06:00,19.0,93,1017.3,28,11.9,272,0.0
2023-06-26T07:00,18.8,94,1017.1,26,8.7,265,0.0
2023-06-26T08:00,19.0,92,1017.0,0,6.5,267,0.0
2023-06-26T09:00,19.2,91,1017.2,0,5.4,266,0.0
2023-06-26T10:00,19.5,90,1017.7,0,5.4,262,0.0
2023-06-26T11:00,19.5,91,1018.2,26,4.0,265,0.0
2023-06-26T12:00,20.5,86,1018.4,24,6.5,341,0.0
2023-06-26T13:00,20.2,89,1018.8,0,4.0,350,0.0
2023-06-26T14:00,20.4,86,1018.4,0,6.2,36,0.0
2023-06-26T15:00,20.2,87,1017.4,0,10.7,42,0.0
2023-06-26T16:00,20.2,88,1016.4,55,15.2,36,0.0
2023-06-26T17:00,20.6,86,1015.7,83,18.1,41,0.0
2023-06-26T18:00,21.0,85,1015.9,76,18.2,56,0.0
2023-06-26T19:00,21.3,84,1016.0,6,19.5,52,0.0
2023-06-26T20:00,21.5,84,1015.8,1,21.4,33,0.0
2023-06-26T21:00,21.8,85,1016.1,0,24.3,15,0.0
2023-06-26T22:00,21.9,87,1016.3,100,23.8,2,0.0
2023-06-26T23:00,21.5,86,1015.9,50,18.6,351,0.0
2023-06-27T00:00,21.9,78,1016.1,13,18.2,346,0.0
2023-06-27T01:00,21.6,76,1016.0,36,17.2,340,0.0
2023-06-27T02:00,21.2,78,1016.4,19,14.4,338,0.0
2023-06-27T03:00,20.8,80,1016.4,3,14.2,339,0.0
2023-06-27T04:00,20.6,81,1015.9,5,16.3,342,0.0
2023-06-27T05:00,20.6,81,1015.7,4,16.3,342,0.0
2023-06-27T06:00,20.5,81,1015.5,0,13.4,329,0.0
2023-06-27T07:00,20.0,84,1015.6,0,8.7,315,0.0
2023-06-27T08:00,19.9,84,1015.3,0,8.9,302,0.0
2023-06-27T09:00,19.8,84,1015.5,0,13.7,305,0.0
2023-06-27T10:00,19.7,84,1015.3,1,13.3,319,0.0
2023-06-27T11:00,19.8,85,1015.3,0,7.9,321,0.0
2023-06-27T12:00,19.8,84,1016.2,0,10.7,310,0.0
2023-06-27T13:00,20.0,84,1016.5,0,7.6,315,0.0
2023-06-27T14:00,20.2,86,1016.4,0,2.6,304,0.0
2023-06-27T15:00,20.5,83,1016.0,4,2.3,72,0.0
2023-06-27T16:00,20.5,83,1014.8,76,6.4,63,0.0
2023-06-27T17:00,20.2,84,1014.0,71,9.2,51,0.0
2023-06-27T18:00,20.2,86,1013.7,90,9.2,51,0.0
2023-06-27T19:00,20.2,88,1013.3,98,10.0,38,0.0
2023-06-27T20:00,20.5,87,1013.5,100,10.3,25,0.0
2023-06-27T21:00,20.9,85,1014.0,90,8.1,32,0.0
2023-06-27T22:00,21.1,83,1014.2,0,8.9,50,0.0
2023-06-27T23:00,21.0,85,1014.4,0,7.7,62,0.0
2023-06-28T00:00,21.1,82,1014.6,0,4.3,5,0.0
2023-06-28T01:00,20.5,88,1014.6,4,6.2,291,0.0
2023-06-28T02:00,20.0,89,1014.4,78,9.4,293,0.0
2023-06-28T03:00,19.6,89,1014.3,90,10.4,304,0.0
2023-06-28T04:00,19.8,85,1014.0,96,10.5,329,0.0
2023-06-28T05:00,19.9,84,1014.0,94,7.9,336,0.0
2023-06-28T06:00,19.9,84,1013.6,94,6.5,326,0.0
2023-06-28T07:00,19.7,80,1013.7,78,7.1,294,0.0
2023-06-28T08:00,18.9,77,1013.8,57,13.3,270,0.0
2023-06-28T09:00,17.5,82,1014.1,12,17.3,275,0.0
2023-06-28T10:00,18.0,78,1014.5,64,20.7,278,0.0
2023-06-28T11:00,18.5,76,1014.9,73,22.1,276,0.0
2023-06-28T12:00,18.6,77,1016.2,29,19.4,270,0.0
2023-06-28T13:00,19.0,73,1017.0,53,18.3,260,0.0
2023-06-28T14:00,20.3,69,1016.9,67,12.8,259,0.0
2023-06-28T15:00,21.2,72,1016.3,81,8.2,232,0.0
2023-06-28T16:00,21.4,73,1015.4,62,7.3,191,0.0
2023-06-28T17:00,20.6,75,1015.4,80,23.4,157,0.0
2023-06-28T18:00,21.1,78,1015.6,74,27.4,182,0.0
2023-06-28T19:00,20.6,83,1016.7,77,45.4,197,0.0
2023-06-28T20:00,19.6,87,1017.9,60,41.3,200,0.0
2023-06-28T21:00,19.3,89,1018.8,88,38.8,206,0.0
2023-06-28T22:00,19.1,86,1019.7,100,39.4,203,0.0
2023-06-28T23:00,19.0,85,1020.6,100,38.3,207,0.0
2023-06-29T00:00,18.6,84,1022.2,100,49.0,212,0.0
2023-06-29T01:00,18.5,81,1022.8,100,46.8,213,0.0
2023-06-29T02:00,18.4,82,1023.7,100,47.4,216,0.0
2023-06-29T03:00,18.1,81,1024.1,100,44.6,214,0.0
2023-06-29T04:00,18.0,81,1023.9,99,45.3,209,0.0
2023-06-29T05:00,17.9,76,1023.8,88,44.2,204,0.0
2023-06-29T06:00,17.5,76,1023.5,20,42.7,208,0.0
2023-06-29T07:00,17.3,72,1023.5,33,47.2,207,0.0
2023-06-29T08:00,17.1,68,1023.6,22,43.8,206,0.0
2023-06-29T09:00,17.0,64,1024.0,30,42.3,206,0.0
2023-06-29T10:00,16.9,64,1024.9,23,40.7,206,0.0
2023-06-29T11:00,16.7,62,1025.8,30,37.8,205,0.0
2023-06-29T12:00,16.6,59,1026.9,59,33.6,203,0.0
2023-06-29T13:00,16.5,61,1027.7,53,29.9,206,0.0
2023-06-29T14:00,16.5,61,1028.1,91,28.1,211,0.0
2023-06-29T15:00,16.6,61,1027.7,79,28.3,217,0.0
2023-06-29T16:00,16.8,60,1026.7,42,26.7,217,0.0
2023-06-29T17:00,17.0,58,1026.2,40,24.1,219,0.0
2023-06-29T18:00,17.1,57,1026.6,41,23.0,215,0.0
2023-06-29T19:00,17.2,57,1026.9,32,20.8,210,0.0
2023-06-29T20:00,17.3,57,1027.1,32,19.0,207,0.0
2023-06-29T21:00,17.3,56,1027.1,27,15.1,208,0.0
2023-06-29T22:00,17.2,55,1027.4,20,12.3,218,0.0
2023-06-29T23:00,17.0,58,1027.5,9,11.4,235,0.0
2023-06-30T00:00,17.0,59,1027.5,4,9.7,243,0.0
2023-06-30T01:00,16.8,61,1027.7,46,10.8,255,0.0
2023-06-30T02:00,16.3,65,1027.3,29,11.9,275,0.0
2023-06-30T03:00,16.0,67,1026.7,46,12.6,294,0.0
2023-06-30T04:00,16.1,66,1025.9,28,7.0,305,0.0
2023-06-30T05:00,16.7,65,1025.5,8,6.4,27,0.0
2023-06-30T06:00,17.4,64,1025.0,19,13.7,30,0.0
2023-06-30T07:00,17.6,66,1024.8,14,18.4,31,0.0
2023-06-30T08:00,18.0,68,1024.5,42,21.5,31,0.0
2023-06-30T09:00,18.0,69,1024.7,55,24.3,25,0.0
2023-06-30T10:00,18.0,70,1024.9,34,26.3,25,0.0
2023-06-30T11:00,18.1,72,1025.1,92,27.4,23,0.0
2023-06-30T12:00,18.0,76,1026.0,28,20.9,11,0.0
2023-06-30T13:00,17.9,77,1026.0,23,17.6,11,0.0
2023-06-30T14:00,17.9,77,1025.7,100,14.8,3,0.0
2023-06-30T15:00,18.0,77,1024.8,23,16.0,23,0.0
2023-06-30T16:00,18.6,77,1023.8,52,21.7,12,0.0
2023-06-30T17:00,18.9,78,1022.5,27,25.1,27,0.0
2023-06-30T18:00,19.1,81,1021.8,59,31.2,36,0.0
2023-06-30T19:00,19.3,81,1021.7,51,31.2,36,0.0
2023-06-30T20:00,19.6,82,1021.8,57,28.2,32,0.0
2023-06-30T21:00,19.8,82,1021.7,100,25.6,26,0.0
2023-06-30T22:00,19.9,83,1022.0,100,22.5,12,0.0
2023-06-30T23:00,19.5,85,1022.2,100,17.7,354,0.0
2023-07-01T00:00,18.8,88,1023.1,100,14.2,277,0.0
2023-07-01T01:00,18.2,92,1023.4,100,22.4,244,0.0
2023-07-01T02:00,18.0,90,1023.5,100,26.1,237,0.0
2023-07-01T03:00,18.0,88,1023.2,100,24.0,237,0.0
2023-07-01T04:00,17.7,88,1022.9,99,22.9,242,0.0
2023-07-01T05:00,17.2,89,1022.6,22,22.2,241,0.0
2023-07-01T06:00,17.1,90,1022.0,6,21.1,243,0.0
2023-07-01T07:00,17.0,89,1021.9,6,22.1,236,0.0
2023-07-01T08:00,16.9,91,1021.5,25,21.3,236,0.0
2023-07-01T09:00,17.1,91,1022.0,38,22.1,233,0.0
2023-07-01T10:00,17.1,91,1022.4,44,22.1,240,0.0
2023-07-01T11:00,17.0,91,1022.8,28,21.4,243,0.0
2023-07-01T12:00,17.5,89,1023.5,37,22.5,243,0.0
2023-07-01T13:00,17.8,88,1023.6,90,21.6,233,0.0
2023-07-01T14:00,18.1,86,1023.4,99,19.4,230,0.0
2023-07-01T15:00,18.3,85,1022.7,100,19.4,223,0.0
2023-07-01T16:00,18.5,84,1022.1,99,19.1,212,0.0
2023-07-01T17:00,18.4,86,1021.3,99,20.5,204,0.0
2023-07-01T18:00,18.6,85,1020.6,91,19.6,200,0.0
2023-07-01T19:00,18.8,85,1020.7,82,17.8,198,0.0
2023-07-01T20:00,19.0,83,1020.6,28,14.4,183,0.0
2023-07-01T21:00,19.0,82,1020.6,3,10.2,162,0.0
2023-07-01T22:00,19.1,81,1020.8,2,9.2,132,0.0
2023-07-01T23:00,19.1,81,1021.3,2,8.7,120,0.0
2023-07-02T00:00,19.5,82,1021.4,19,11.0,109,0.0
2023-07-02T01:00,19.5,82,1021.6,20,9.2,101,0.0
2023-07-02T02:00,19.5,81,1021.6,17,5.0,90,0.0
2023-07-02T03:00,19.3,81,1021.3,31,1.6,27,0.0
2023-07-02T04:00,18.8,84,1020.5,13,6.4,313,0.0
2023-07-02T05:00,18.2,90,1020.0,10,11.1,299,0.0
2023-07-02T06:00,17.9,92,1019.8,26,7.3,261,0.0
2023-07-02T07:00,17.6,95,1019.9,30,6.1,220,0.0
2023-07-02T08:00,17.7,93,1019.7,2,4.6,231,0.0
2023-07-02T09:00,17.6,95,1020.3,13,6.1,220,0.0
2023-07-02T10:00,17.4,97,1020.8,37,7.0,258,0.0
2023-07-02T11:00,16.9,98,1021.2,100,12.6,275,0.0
2023-07-02T12:00,16.2,100,1021.7,100,15.9,266,0.0
2023-07-02T13:00,16.0,99,1022.3,100,14.6,250,0.0
2023-07-02T14:00,16.5,98,1022.4,100,12.2,227,0.0
2023-07-02T15:00,17.0,97,1022.1,100,12.9,210,0.0
2023-07-02T16:00,17.5,94,1021.4,49,13.4,194,0.0
2023-07-02T17:00,17.8,91,1021.0,59,13.0,183,0.0
2023-07-02T18:00,18.1,90,1020.4,56,13.3,177,0.0
2023-07-02T19:00,18.4,89,1020.6,59,13.6,168,0.0
2023-07-02T20:00,19.2,78,1021.1,92,13.5,134,0.0
2023-07-02T21:00,19.5,75,1021.4,85,17.4,114,0.0
2023-07-02T22:00,19.2,77,1022.1,87,17.2,116,0.0
2023-07-02T23:00,19.1,76,1022.7,48,15.5,112,0.0
2023-07-03T00:00,19.0,78,1022.9,20,14.6,100,0.0
2023-07-03T01:00,19.0,78,1023.1,79,13.7,90,0.0
2023-07-03T02:00,19.0,77,1023.5,83,13.6,78,0.0
2023-07-03T03:00,18.9,77,1023.5,73,15.0,66,0.0
2023-07-03T04:00,18.8,78,1022.9,98,17.2,57,0.0
2023-07-03T05:00,18.6,79,1023.0,66,19.3,53,0.0
2023-07-03T06:00,18.4,81,1022.8,35,20.5,51,0.0
2023-07-03T07:00,18.4,81,1022.6,23,20.5,51,0.0
2023-07-03T08:00,18.5,81,1022.7,64,20.9,45,0.1
2023-07-03T09:00,18.5,80,1023.0,49,21.9,46,0.0
2023-07-03T10:00,18.7,78,1023.5,90,24.0,50,0.0
2023-07-03T11:00,18.5,79,1024.0,100,26.3,50,0.0
2023-07-03T12:00,18.2,84,1024.8,50,24.8,50,0.1
2023-07-03T13:00,18.4,83,1025.5,95,25.2,47,0.2
2023-07-03T14:00,18.4,82,1025.5,100,25.5,40,0.1
2023-07-03T15:00,18.5,81,1024.9,91,25.8,36,0.0
2023-07-03T16:00,18.8,79,1023.9,79,26.9,32,0.0
2023-07-03T17:00,19.2,76,1023.4,14,29.9,34,0.0
2023-07-03T18:00,19.3,75,1022.7,9,32.4,34,0.0
2023-07-03T19:00,19.4,75,1022.6,18,34.0,32,0.0
2023-07-03T20:00,19.5,75,1022.7,4,34.1,31,0.0
2023-07-03T21:00,19.5,76,1022.8,9,34.5,29,0.0
2023-07-03T22:00,19.7,76,1023.0,22,35.6,27,0.0
2023-07-03T23:00,19.6,78,1023.3,25,36.1,23,0.0
2023-07-04T00:00,19.5,80,1022.9,13,33.8,21,0.0
2023-07-04T01:00,19.5,81,1023.0,5,34.8,20,0.0
2023-07-04T02:00,19.5,80,1023.2,11,35.0,17,0.0
2023-07-04T03:00,19.4,81,1023.1,11,35.0,17,0.0
2023-07-04T04:00,19.4,81,1022.8,8,35.6,18,0.0
2023-07-04T05:00,19.2,81,1022.7,5,36.9,19,0.0
2023-07-04T06:00,19.2,81,1022.2,3,37.7,17,0.0
2023-07-04T07:00,19.2,79,1021.8,2,38.2,16,0.0
2023-07-04T08:00,19.2,79,1021.5,3,37.3,15,0.0
2023-07-04T09:00,19.3,78,1021.9,3,36.2,15,0.0
2023-07-04T10:00,19.4,77,1022.4,2,34.9,14,0.0
2023-07-04T11:00,19.4,77,1023.0,0,33.9,15,0.0
2023-07-04T12:00,19.5,78,1023.1,0,30.9,11,0.0
2023-07-04T13:00,19.7,76,1023.2,0,31.7,12,0.0
2023-07-04T14:00,19.5,82,1023.0,0,28.0,24,0.0
2023-07-04T15:00,19.5,82,1022.5,1,29.3,28,0.0
2023-07-04T16:00,19.5,83,1021.4,1,30.0,30,0.0
2023-07-04T17:00,19.8,81,1020.5,0,34.4,31,0.0
2023-07-04T18:00,20.1,77,1020.4,0,36.7,33,0.0
2023-07-04T19:00,20.4,76,1020.1,0,38.2,32,0.0
2023-07-04T20:00,20.2,77,1020.2,0,39.0,30,0.0
2023-07-04T21:00,20.2,76,1020.5,0,39.3,26,0.0
2023-07-04T22:00,20.1,74,1020.8,0,38.8,22,0.0
2023-07-04T23:00,20.0,75,1020.9,0,38.8,21,0.0
2023-07-05T00:00,19.6,76,1021.1,0,37.0,18,0.0
2023-07-05T01:00,19.8,74,1021.0,0,38.1,13,0.0
2023-07-05T02:00,19.7,76,1020.9,0,37.5,14,0.0
2023-07-05T03:00,19.6,77,1021.0,0,38.0,15,0.0
2023-07-05T04:00,19.5,78,1020.9,4,38.1,13,0.0
2023-07-05T05:00,19.4,79,1020.9,1,36.5,13,0.0
2023-07-05T06:00,19.1,80,1020.8,0,34.5,11,0.0
2023-07-05T07:00,19.0,80,1020.3,1,32.1,10,0.0
2023-07-05T08:00,18.6,83,1020.0,0,31.2,11,0.0
2023-07-05T09:00,18.7,82,1019.9,0,30.6,12,0.0
2023-07-05T10:00,18.6,82,1019.9,0,30.6,15,0.0
2023-07-05T11:00,18.5,81,1020.1,0,29.8,15,0.0
2023-07-05T12:00,18.4,88,1020.1,0,29.0,14,0.0
2023-07-05T13:00,18.5,86,1020.5,0,22.7,4,0.0
2023-07-05T14:00,18.6,85,1020.5,0,17.6,1,0.0
2023-07-05T15:00,19.0,83,1019.7,1,18.0,2,0.0
2023-07-05T16:00,19.0,86,1018.8,0,16.2,12,0.0
2023-07-05T17:00,19.3,83,1018.2,0,14.0,26,0.0
2023-07-05T18:00,19.3,84,1017.9,0,12.1,30,0.0
2023-07-05T19:00,19.2,87,1017.9,0,10.8,21,0.0
2023-07-05T20:00,19.4,87,1018.1,0,8.5,12,0.0
2023-07-05T21:00,19.5,86,1018.1,0,7.6,5,0.0
2023-07-05T22:00,19.9,86,1018.2,0,8.3,360,0.0
2023-07-05T23:00,20.2,84,1018.2,0,10.1,343,0.0
2023-07-06T00:00,20.1,81,1018.5,3,9.0,286,0.0
2023-07-06T01:00,19.9,83,1018.7,100,7.9,286,0.0
2023-07-06T02:00,19.8,84,1018.7,100,7.6,301,0.0
2023-07-06T03:00,19.7,86,1018.7,99,8.2,311,0.0
2023-07-06T04:00,19.9,84,1018.2,91,9.8,336,0.0
2023-07-06T05:00,20.1,82,1017.6,7,10.9,351,0.0
2023-07-06T06:00,20.0,81,1017.0,0,10.7,14,0.0
2023-07-06T07:00,19.9,81,1016.5,1,14.0,29,0.0
2023-07-06T08:00,19.5,87,1016.1,2,16.6,39,0.0
2023-07-06T09:00,19.7,88,1016.1,1,14.9,32,0.0
2023-07-06T10:00,19.8,86,1016.3,0,15.0,10,0.0
2023-07-06T11:00,19.5,83,1016.3,2,12.6,358,0.0
2023-07-06T12:00,19.0,81,1016.4,0,5.9,317,0.0
2023-07-06T13:00,19.0,81,1016.5,1,4.7,337,0.0
2023-07-06T14:00,19.1,82,1016.7,5,3.8,343,0.0
2023-07-06T15:00,18.9,85,1015.7,0,7.0,35,0.0
2023-07-06T16:00,18.5,92,1014.9,0,9.7,39,0.0
2023-07-06T17:00,18.8,86,1014.0,0,11.8,40,0.0
2023-07-06T18:00,19.2,86,1013.0,9,17.1,39,0.0
2023-07-06T19:00,19.9,85,1012.9,18,17.6,26,0.0
2023-07-06T20:00,20.6,81,1012.6,32,17.9,28,0.0
2023-07-06T21:00,20.9,83,1012.5,48,17.3,21,0.0
2023-07-06T22:00,21.0,83,1012.3,98,17.4,7,0.0
2023-07-06T23:00,21.0,84,1012.2,94,17.7,355,0.0
2023-07-07T00:00,20.2,86,1012.1,88,11.6,324,0.0
2023-07-07T01:00,19.9,83,1012.4,67,8.4,310,0.0
2023-07-07T02:00,19.6,81,1012.5,33,8.6,338,0.0
2023-07-07T03:00,19.3,83,1012.7,89,10.5,322,0.0
2023-07-07T04:00,19.2,83,1012.3,77,8.1,328,0.0
2023-07-07T05:00,19.2,83,1012.1,94,8.2,322,0.0
2023-07-07T06:00,19.2,82,1011.9,100,8.4,290,0.0
2023-07-07T07:00,18.9,87,1013.0,100,34.9,222,0.0
2023-07-07T08:00,19.9,85,1012.7,100,23.6,214,0.0
2023-07-07T09:00,19.9,86,1013.2,80,15.8,223,0.0
2023-07-07T10:00,19.6,88,1014.0,65,13.9,253,0.0
2023-07-07T11:00,19.0,90,1014.3,65,12.1,280,0.0
2023-07-07T12:00,18.9,92,1015.9,38,17.3,287,0.0
2023-07-07T13:00,18.7,91,1016.0,48,15.0,287,0.0
2023-07-07T14:00,19.0,87,1015.8,34,9.5,261,0.0
2023-07-07T15:00,19.2,86,1015.2,66,4.9,234,0.0
2023-07-07T16:00,18.8,90,1014.5,97,6.4,153,0.0
2023-07-07T17:00,18.5,93,1014.3,100,8.5,152,0.0
2023-07-07T18:00,19.1,91,1014.3,100,7.8,167,1.0
2023-07-07T19:00,19.6,89,1014.3,100,13.0,141,1.1
2023-07-07T20:00,19.7,89,1014.4,100,15.3,133,0.2
2023-07-07T21:00,19.8,88,1014.4,100,15.6,130,0.2
2023-07-07T22:00,19.6,88,1015.1,100,16.3,149,0.1
2023-07-07T23:00,19.4,88,1014.8,100,15.8,131,1.1
2023-07-08T00:00,19.4,86,1014.8,100,12.1,100,2.0
2023-07-08T01:00,19.2,88,1015.0,100,14.5,60,1.0
2023-07-08T02:00,19.3,87,1015.1,100,11.6,36,2.8
2023-07-08T03:00,19.1,88,1014.3,100,16.4,38,2.0
2023-07-08T04:00,19.5,88,1013.3,100,19.7,35,0.2
2023-07-08T05:00,19.6,88,1012.5,100,21.7,42,0.4
2023-07-08T06:00,19.6,90,1011.1,100,30.3,45,0.8
2023-07-08T07:00,19.5,90,1010.7,100,31.3,38,2.1
2023-07-08T08:00,19.6,90,1010.1,100,29.1,27,1.9
2023-07-08T09:00,19.6,91,1009.8,100,29.4,31,1.1
2023-07-08T10:00,19.8,90,1010.4,100,25.3,17,3.8
2023-07-08T11:00,19.9,90,1009.9,100,28.6,11,0.4
2023-07-08T12:00,18.3,89,1011.0,99,44.3,269,0.1
2023-07-08T13:00,19.0,87,1011.6,100,35.7,158,0.1
2023-07-08T14:00,19.4,84,1012.3,100,35.4,175,0.2
2023-07-08T15:00,19.0,88,1012.5,100,35.5,174,0.4
2023-07-08T16:00,18.9,88,1012.3,100,32.7,172,0.5
2023-07-08T17:00,18.9,86,1012.5,100,33.5,178,0.4
2023-07-08T18:00,19.0,82,1012.9,100,30.5,172,0.3
2023-07-08T19:00,19.2,80,1013.4,100,20.9,183,0.0
2023-07-08T20:00,19.4,79,1014.2,63,21.8,189,0.0
2023-07-08T21:00,19.2,78,1014.9,92,23.2,173,0.0
2023-07-08T22:00,19.4,75,1015.7,100,22.6,163,0.0
2023-07-08T23:00,19.5,73,1016.5,100,20.9,165,0.0
2023-07-09T00:00,19.5,72,1017.1,100,19.1,178,0.0
2023-07-09T01:00,19.3,72,1017.3,61,18.5,173,0.0
2023-07-09T02:00,19.4,71,1017.9,37,16.7,173,0.0
2023-07-09T03:00,19.3,71,1017.8,35,14.8,162,0.0
2023-07-09T04:00,19.2,70,1017.5,36,14.0,154,0.0
2023-07-09T05:00,19.1,70,1017.5,24,12.8,148,0.0
2023-07-09T06:00,19.0,71,1017.0,22,8.7,138,0.0
2023-07-09T07:00,18.8,70,1017.1,32,3.6,135,0.0
2023-07-09T08:00,18.5,71,1017.4,44,1.8,281,0.0
2023-07-09T09:00,18.2,77,1017.9,39,5.6,285,0.0
2023-07-09T10:00,17.8,84,1018.4,16,9.3,283,0.0
2023-07-09T11:00,17.5,87,1018.8,48,10.4,284,0.0
2023-07-09T12:00,17.9,86,1019.4,7,6.9,309,0.0
2023-07-09T13:00,17.9,88,1020.1,34,7.9,313,0.0
2023-07-09T14:00,18.0,87,1020.0,13,6.6,338,0.0
2023-07-09T15:00,18.4,84,1019.5,8,11.0,11,0.0
2023-07-09T16:00,18.8,80,1018.7,15,17.0,21,0.0
2023-07-09T17:00,19.1,74,1017.6,19,20.7,35,0.0
2023-07-09T18:00,19.6,71,1017.3,3,27.7,39,0.0
2023-07-09T19:00,19.8,71,1017.4,3,31.9,42,0.0
2023-07-09T20:00,19.9,71,1017.6,1,33.0,40,0.0
2023-07-09T21:00,20.0,72,1017.9,8,33.1,37,0.0
2023-07-09T22:00,20.2,71,1018.0,27,33.3,28,0.0
2023-07-09T23:00,20.1,74,1018.0,86,35.3,27,0.0
2023-07-10T00:00,20.0,75,1017.8,100,37.9,24,0.0
2023-07-10T01:00,20.1,77,1017.6,100,37.5,21,0.0
2023-07-10T02:00,20.0,79,1017.5,100,40.3,19,0.0
2023-07-10T03:00,20.0,80,1017.0,100,38.8,19,0.0
2023-07-10T04:00,20.0,81,1016.4,100,40.3,19,0.0
2023-07-10T05:00,20.0,82,1016.1,100,40.2,17,0.0
2023-07-10T06:00,20.0,82,1015.2,99,40.0,19,0.0
2023-07-10T07:00,20.1,82,1014.9,100,40.2,18,0.0
2023-07-10T08:00,20.0,83,1015.0,100,37.2,12,0.0
2023-07-10T09:00,20.0,83,1014.8,100,39.4,12,1.3
2023-07-10T10:00,20.0,84,1014.7,100,41.5,16,0.1
2023-07-10T11:00,19.8,86,1014.7,100,39.8,10,0.1
2023-07-10T12:00,19.8,88,1015.1,96,35.5,7,0.1
2023-07-10T13:00,19.8,89,1015.6,68,33.6,10,0.0
2023-07-10T14:00,19.9,88,1015.2,100,33.0,11,0.0
2023-07-10T15:00,20.0,87,1015.3,100,28.7,7,0.0
2023-07-10T16:00,20.0,88,1014.1,100,23.7,14,0.0
2023-07-10T17:00,20.1,88,1013.5,100,20.3,7,0.0
2023-07-10T18:00,20.2,90,1013.4,100,9.4,356,0.0
2023-07-10T19:00,20.0,91,1013.2,100,10.9,214,0.0
2023-07-10T20:00,19.5,94,1014.1,100,27.4,210,0.0
2023-07-10T21:00,19.7,86,1014.6,100,32.1,193,0.0
2023-07-10T22:00,19.1,91,1015.1,100,29.3,194,0.0
2023-07-10T23:00,19.2,89,1015.3,100,26.9,205,0.1
2023-07-11T00:00,19.0,84,1016.6,100,29.4,213,0.0
2023-07-11T01:00,18.6,83,1017.0,100,27.5,214,0.4
2023-07-11T02:00,18.5,82,1017.0,99,25.9,218,0.3
2023-07-11T03:00,18.6,81,1017.2,100,29.2,215,0.0
2023-07-11T04:00,18.9,81,1016.9,100,27.9,219,0.1
2023-07-11T05:00,18.5,85,1016.9,88,26.3,234,0.0
2023-07-11T06:00,18.3,87,1016.9,74,27.2,235,0.0
2023-07-11T07:00,18.0,89,1017.0,98,27.9,234,0.0
2023-07-11T08:00,17.9,89,1016.8,99,25.2,239,0.0
2023-07-11T09:00,18.0,88,1017.1,100,26.9,245,0.0
2023-07-11T10:00,17.9,88,1017.4,100,25.3,244,0.0
2023-07-11T11:00,17.8,88,1017.8,100,27.4,243,0.0
2023-07-11T12:00,17.2,89,1018.4,100,27.2,246,0.0
2023-07-11T13:00,17.3,89,1019.0,100,27.0,251,1.0
2023-07-11T14:00,17.4,88,1019.2,100,27.1,251,0.5
2023-07-11T15:00,17.5,89,1018.3,100,23.0,241,0.1
2023-07-11T16:00,17.7,89,1017.6,100,20.1,243,0.0
2023-07-11T17:00,17.8,89,1016.7,100,17.4,246,0.1
2023-07-11T18:00,17.9,90,1016.0,100,9.7,222,0.1
2023-07-11T19:00,18.1,89,1015.4,100,5.8,158,0.0
2023-07-11T20:00,18.6,86,1015.7,100,11.2,86,0.1
2023-07-11T21:00,18.9,84,1015.4,100,20.7,83,1.8
2023-07-11T22:00,18.5,86,1015.6,100,25.6,91,1.3
2023-07-11T23:00,18.5,86,1015.7,100,27.0,99,1.0
2023-07-12T00:00,18.9,86,1016.6,100,21.5,59,0.7
2023-07-12T01:00,18.8,86,1016.6,95,20.1,61,0.0
2023-07-12T02:00,18.9,86,1016.3,100,21.7,61,0.0
2023-07-12T03:00,19.0,85,1015.7,100,27.3,49,0.0
2023-07-12T04:00,18.9,87,1015.7,100,25.7,48,0.0
2023-07-12T05:00,19.0,86,1014.8,100,27.8,47,0.2
2023-07-12T06:00,19.0,87,1014.4,100,30.8,47,0.9
2023-07-12T07:00,19.1,87,1014.1,100,28.6,50,1.7
2023-07-12T08:00,19.0,88,1013.2,100,32.0,59,1.3
2023-07-12T09:00,19.1,88,1012.5,100,34.2,60,0.9
2023-07-12T10:00,19.2,88,1012.7,100,33.8,63,1.5
2023-07-12T11:00,19.4,89,1013.0,100,31.1,66,2.7
2023-07-12T12:00,19.6,93,1011.8,100,28.9,54,4.1
2023-07-12T13:00,19.8,93,1011.4,100,21.0,38,5.3
2023-07-12T14:00,20.0,91,1011.0,100,31.8,5,4.5
2023-07-12T15:00,19.9,91,1010.7,100,24.1,2,4.7
2023-07-12T16:00,19.6,92,1009.0,100,27.5,11,4.4
2023-07-12T17:00,19.6,91,1007.6,100,31.3,15,3.8
2023-07-12T18:00,19.8,92,1006.3,100,32.6,29,0.5
2023-07-12T19:00,20.0,92,1005.5,100,34.1,26,0.0
2023-07-12T20:00,19.9,94,1004.5,100,34.7,34,0.4
2023-07-12T21:00,20.0,95,1003.6,100,36.9,29,0.1
2023-07-12T22:00,20.2,95,1002.9,100,42.4,28,0.0
2023-07-12T23:00,20.4,95,1001.6,100,45.3,28,0.0
2023-07-13T00:00,20.2,94,1001.2,100,47.4,21,0.0
2023-07-13T01:00,20.1,94,1001.0,100,43.7,13,1.1
2023-07-13T02:00,20.4,93,1000.5,100,37.0,18,3.5
2023-07-13T03:00,20.5,92,996.2,100,49.0,23,0.9
2023-07-13T04:00,20.8,89,995.8,32,45.9,5,0.0
2023-07-13T05:00,21.4,77,996.5,30,31.0,322,0.0
2023-07-13T06:00,21.5,74,996.5,35,26.1,325,0.0
2023-07-13T07:00,21.5,69,996.4,20,31.3,299,0.0
2023-07-13T08:00,20.7,66,995.5,7,30.9,306,0.0
2023-07-13T09:00,20.2,62,995.7,21,38.0,296,0.0
2023-07-13T10:00,19.9,59,997.0,39,29.8,278,0.0
2023-07-13T11:00,19.8,58,998.1,46,19.9,235,0.0
2023-07-13T12:00,19.6,63,998.0,49,12.9,210,0.0
2023-07-13T13:00,19.7,59,998.6,46,24.2,275,0.0
2023-07-13T14:00,19.1,57,999.5,22,56.2,267,0.0
2023-07-13T15:00,18.3,63,1000.8,100,70.6,256,0.0
2023-07-13T16:00,17.8,68,1002.5,34,65.1,248,0.0
2023-07-13T17:00,18.2,64,1003.9,51,55.3,249,0.0
2023-07-13T18:00,18.3,61,1005.6,82,58.6,243,0.0
2023-07-13T19:00,18.2,61,1007.0,100,62.1,240,0.0
2023-07-13T20:00,18.0,63,1008.1,25,62.5,236,0.0
2023-07-13T21:00,17.6,64,1008.9,16,60.1,235,0.0
2023-07-13T22:00,17.3,65,1009.9,15,58.5,234,0.0
2023-07-13T23:00,17.0,64,1011.2,15,55.4,237,0.0
2023-07-14T00:00,16.8,67,1012.3,54,53.3,237,0.0
2023-07-14T01:00,16.5,67,1013.4,73,49.7,236,0.3
2023-07-14T02:00,15.6,70,1014.4,66,44.5,240,1.2
2023-07-14T03:00,14.8,75,1014.7,100,54.5,247,0.6
2023-07-14T04:00,14.0,78,1015.6,100,52.3,244,1.3
2023-07-14T05:00,13.4,80,1015.8,100,52.2,245,1.6
2023-07-14T06:00,13.0,81,1016.1,100,45.4,251,1.6
2023-07-14T07:00,13.6,76,1016.4,100,43.4,247,0.6
2023-07-14T08:00,14.2,74,1016.5,100,47.9,237,0.0
2023-07-14T09:00,14.6,74,1017.1,48,53.1,232,0.0
2023-07-14T10:00,14.8,74,1018.3,97,54.6,232,0.0
2023-07-14T11:00,14.9,74,1019.5,79,50.8,229,0.0
2023-07-14T12:00,15.0,78,1020.1,94,50.3,229,0.0
2023-07-14T13:00,15.3,76,1020.8,50,50.9,224,0.0
2023-07-14T14:00,15.2,75,1021.5,46,48.1,225,0.0
2023-07-14T15:00,15.1,74,1021.4,61,43.1,222,0.0
2023-07-14T16:00,15.0,74,1021.3,10,41.7,220,0.0
2023-07-14T17:00,15.0,72,1020.9,5,39.6,217,0.0
2023-07-14T18:00,15.2,69,1020.6,0,35.5,215,0.0
2023-07-14T19:00,15.4,67,1020.6,0,33.2,212,0.0
2023-07-14T20:00,15.8,66,1020.6,0,34.0,201,0.0
2023-07-14T21:00,15.9,66,1021.2,6,31.2,199,0.0
2023-07-14T22:00,16.0,65,1021.5,37,27.3,198,0.0
2023-07-14T23:00,16.2,62,1021.9,58,26.0,202,0.0
2023-07-15T00:00,16.0,63,1022.8,90,25.6,197,0.0
2023-07-15T01:00,16.1,63,1023.2,88,24.8,208,0.0
2023-07-15T02:00,16.0,65,1023.5,100,22.7,216,0.0
2023-07-15T03:00,15.8,67,1023.3,93,19.9,221,0.0
2023-07-15T04:00,15.5,68,1022.8,85,18.7,218,0.0
2023-07-15T05:00,15.3,70,1022.6,75,16.8,223,0.0
2023-07-15T06:00,15.0,71,1022.0,86,15.5,234,0.0
2023-07-15T07:00,14.6,74,1021.5,48,14.8,252,0.0
2023-07-15T08:00,14.2,78,1021.2,38,16.5,260,0.0
2023-07-15T09:00,14.1,78,1021.2,59,16.4,261,0.0
2023-07-15T10:00,13.9,79,1021.8,75,15.5,266,0.0
2023-07-15T11:00,13.7,80,1022.3,49,13.0,273,0.0
2023-07-15T12:00,13.6,80,1023.2,76,9.4,268,0.0
2023-07-15T13:00,13.8,78,1023.3,28,6.6,261,0.0
2023-07-15T14:00,14.1,76,1023.2,51,0.5,315,0.0
2023-07-15T15:00,14.6,78,1022.2,43,6.7,106,0.0
2023-07-15T16:00,15.1,78,1021.3,44,5.8,90,0.0
2023-07-15T17:00,15.5,77,1020.2,16,9.0,67,0.0
2023-07-15T18:00,16.2,76,1019.5,50,13.2,43,0.0
2023-07-15T19:00,17.5,71,1019.0,81,20.0,30,0.0
2023-07-15T20:00,17.8,73,1019.1,43,23.2,36,0.0
2023-07-15T21:00,18.0,76,1018.9,13,27.0,27,0.0
2023-07-15T22:00,18.0,77,1018.9,81,29.9,18,0.0
2023-07-15T23:00,18.0,78,1019.1,93,33.1,12,0.0
2023-07-16T00:00,18.2,77,1019.3,95,31.2,7,0.0
2023-07-16T01:00,18.2,77,1019.2,100,30.1,8,0.0
2023-07-16T02:00,18.1,78,1019.1,100,30.5,7,0.0
2023-07-16T03:00,18.0,78,1018.3,99,29.0,6,0.0
2023-07-16T04:00,18.0,77,1017.8,80,24.9,2,0.0
2023-07-16T05:00,17.9,76,1017.4,25,22.4,4,0.0
2023-07-16T06:00,17.9,76,1017.0,0,19.1,359,0.0
2023-07-16T07:00,17.6,75,1016.8,4,12.5,342,0.0
2023-07-16T08:00,16.5,80,1016.9,32,13.3,272,0.0
2023-07-16T09:00,15.6,83,1016.8,35,13.6,259,0.0
2023-07-16T10:00,15.1,81,1017.5,55,16.6,270,0.0
2023-07-16T11:00,15.2,82,1017.8,66,14.1,264,0.0
2023-07-16T12:00,15.3,80,1018.6,1,18.4,247,0.0
2023-07-16T13:00,15.9,77,1018.9,2,21.9,237,0.0
2023-07-16T14:00,16.2,81,1019.1,1,22.9,225,0.0
2023-07-16T15:00,16.9,83,1018.5,2,25.3,210,0.0
2023-07-16T16:00,17.0,79,1017.8,0,25.7,198,0.0
2023-07-16T17:00,17.0,79,1017.2,0,25.6,191,0.0
2023-07-16T18:00,17.1,77,1017.2,0,26.7,190,0.0
2023-07-16T19:00,17.1,78,1017.3,0,27.1,191,0.0
2023-07-16T20:00,17.0,78,1017.8,0,26.6,193,0.0
2023-07-16T21:00,17.0,77,1018.2,4,26.9,198,0.0
2023-07-16T22:00,17.0,75,1018.7,27,24.9,200,0.0
2023-07-16T23:00,17.1,75,1019.2,33,24.5,200,0.0
2023-07-17T00:00,16.8,75,1020.2,62,29.4,195,0.0
2023-07-17T01:00,16.6,74,1020.7,51,30.0,194,0.0
2023-07-17T02:00,16.8,72,1021.0,100,28.5,201,0.0
2023-07-17T03:00,16.7,72,1020.7,98,27.4,203,0.0
2023-07-17T04:00,16.6,72,1020.6,100,25.8,205,0.0
2023-07-17T05:00,16.5,71,1020.5,100,23.2,210,0.0
2023-07-17T06:00,16.5,70,1020.3,100,21.0,215,0.0
2023-07-17T07:00,16.4,71,1020.0,100,17.9,220,0.0
2023-07-17T08:00,16.3,71,1019.6,88,16.0,224,0.0
2023-07-17T09:00,16.2,72,1019.8,45,15.5,224,0.0
2023-07-17T10:00,16.1,73,1020.3,33,16.8,225,0.0
2023-07-17T11:00,16.0,74,1021.1,36,16.8,227,0.0
2023-07-17T12:00,16.2,72,1022.0,100,20.0,208,0.0
2023-07-17T13:00,16.1,74,1022.6,100,23.2,206,0.0
2023-07-17T14:00,15.8,75,1022.8,100,25.8,207,0.0
2023-07-17T15:00,15.5,77,1022.5,100,28.2,212,0.0
2023-07-17T16:00,15.4,77,1021.7,100,28.7,210,0.0
2023-07-17T17:00,15.4,76,1021.3,100,30.6,207,0.0
2023-07-17T18:00,15.4,74,1021.4,100,31.1,205,0.0
2023-07-17T19:00,15.4,72,1021.5,100,29.4,203,0.0
2023-07-17T20:00,15.6,71,1021.7,100,28.8,200,0.0
2023-07-17T21:00,15.6,70,1022.4,100,28.0,204,0.0
2023-07-17T22:00,15.6,68,1022.8,100,29.5,202,0.0
2023-07-17T23:00,15.6,66,1023.3,100,31.8,202,0.0
2023-07-18T00:00,15.2,63,1024.0,100,34.0,200,0.0
2023-07-18T01:00,15.0,61,1024.6,100,33.4,204,0.0
2023-07-18T02:00,14.8,63,1025.1,100,33.0,204,0.0
2023-07-18T03:00,14.6,63,1024.6,100,37.1,203,0.0
2023-07-18T04:00,14.6,62,1024.6,100,37.5,204,0.0
2023-07-18T05:00,14.6,62,1024.6,100,36.9,206,0.0
2023-07-18T06:00,14.6,65,1024.6,100,38.0,207,0.0
2023-07-18T07:00,14.4,66,1024.6,100,36.9,209,0.0
2023-07-18T08:00,14.4,63,1024.9,100,37.2,210,0.0
2023-07-18T09:00,14.4,62,1025.4,100,36.9,210,0.0
2023-07-18T10:00,14.4,62,1026.5,100,35.7,214,0.0
2023-07-18T11:00,14.6,64,1027.3,100,33.9,215,0.0
2023-07-18T12:00,14.9,62,1028.1,93,34.3,216,0.0
2023-07-18T13:00,14.4,64,1028.9,99,32.1,229,0.0
2023-07-18T14:00,13.1,76,1029.3,99,34.0,247,0.0
2023-07-18T15:00,13.8,75,1029.0,100,38.8,235,0.0
2023-07-18T16:00,14.6,73,1028.6,99,40.2,231,0.0
2023-07-18T17:00,15.1,69,1028.4,96,37.7,216,0.0
2023-07-18T18:00,14.9,72,1028.4,97,34.6,219,0.0
2023-07-18T19:00,15.2,67,1028.4,100,30.4,221,0.0
2023-07-18T20:00,15.8,62,1028.6,61,26.7,212,0.0
2023-07-18T21:00,15.9,58,1028.7,100,22.2,209,0.0
2023-07-18T22:00,16.0,57,1029.4,100,20.8,217,0.0
2023-07-18T23:00,15.8,59,1030.1,97,20.1,234,0.0
2023-07-19T00:00,15.1,64,1031.0,92,21.4,241,0.0
2023-07-19T01:00,14.3,73,1031.0,48,26.6,254,0.0
2023-07-19T02:00,13.8,76,1031.2,100,30.1,251,0.0
2023-07-19T03:00,13.8,73,1031.2,71,30.4,244,0.0
2023-07-19T04:00,13.6,72,1031.1,17,28.5,252,0.0
2023-07-19T05:00,13.4,71,1030.9,4,25.9,254,0.0
2023-07-19T06:00,13.4,72,1030.9,11,27.4,253,0.0
2023-07-19T07:00,13.4,72,1030.7,14,27.5,248,0.0
2023-07-19T08:00,13.2,74,1030.8,31,30.8,247,0.0
2023-07-19T09:00,13.3,76,1031.2,27,32.3,248,0.0
2023-07-19T10:00,13.3,79,1031.9,49,31.7,249,0.0
2023-07-19T11:00,13.2,78,1032.5,96,32.0,247,0.0
2023-07-19T12:00,13.4,81,1033.8,46,28.5,242,0.0
2023-07-19T13:00,13.9,80,1034.1,1,26.4,244,0.0
2023-07-19T14:00,14.4,77,1034.4,2,23.2,244,0.0
2023-07-19T15:00,14.9,74,1034.1,0,21.5,235,0.0
2023-07-19T16:00,15.1,72,1033.3,14,20.4,224,0.0
2023-07-19T17:00,15.4,71,1033.0,3,20.6,213,0.0
2023-07-19T18:00,15.8,68,1032.8,3,17.1,208,0.0
2023-07-19T19:00,16.1,66,1032.9,3,14.5,203,0.0
2023-07-19T20:00,16.5,64,1033.0,5,11.2,213,0.0
2023-07-19T21:00,17.0,62,1033.1,62,8.8,235,0.0
2023-07-19T22:00,16.8,66,1033.1,100,13.7,265,0.0
2023-07-19T23:00,16.3,72,1032.9,100,15.2,275,0.0
2023-07-20T00:00,16.4,72,1033.4,93,7.6,275,0.0
2023-07-20T01:00,16.8,70,1033.6,100,3.7,331,0.0
2023-07-20T02:00,17.1,71,1033.5,100,9.6,13,0.0
2023-07-20T03:00,17.6,69,1033.0,100,14.4,22,0.0
2023-07-20T04:00,18.2,68,1032.4,100,24.2,37,0.0
2023-07-20T05:00,18.0,70,1032.0,100,23.3,22,0.0
2023-07-20T06:00,17.8,74,1031.3,100,27.8,31,0.0
2023-07-20T07:00,18.3,71,1030.5,100,30.4,31,0.0
2023-07-20T08:00,18.2,72,1030.3,100,31.6,30,0.0
2023-07-20T09:00,18.5,71,1030.5,100,32.0,34,0.0
2023-07-20T10:00,18.5,73,1030.8,100,32.6,31,0.0
2023-07-20T11:00,18.2,77,1031.1,100,32.5,26,0.0
2023-07-20T12:00,18.5,75,1031.8,100,34.0,26,0.0
2023-07-20T13:00,18.3,79,1031.9,100,35.0,24,0.0
2023-07-20T14:00,18.0,83,1031.5,82,37.9,24,0.0
2023-07-20T15:00,18.0,83,1030.6,92,40.1,24,0.0
2023-07-20T16:00,18.1,83,1029.6,73,35.4,19,0.0
2023-07-20T17:00,18.1,86,1028.6,33,33.3,22,0.0
2023-07-20T18:00,18.4,84,1028.2,97,41.6,21,0.0
2023-07-20T19:00,18.5,85,1027.8,43,40.7,23,0.0
2023-07-20T20:00,18.5,85,1027.7,53,39.3,26,0.0
2023-07-20T21:00,18.7,86,1027.5,29,39.3,27,0.0
2023-07-20T22:00,18.6,87,1027.4,100,41.2,25,0.0
2023-07-20T23:00,18.8,86,1027.5,100,43.0,24,0.0
2023-07-21T00:00,18.8,87,1027.7,100,44.1,20,0.0
2023-07-21T01:00,18.8,87,1027.9,100,41.9,18,0.0
2023-07-21T02:00,18.9,87,1027.9,15,44.4,17,0.0
2023-07-21T03:00,18.9,86,1027.4,97,43.9,16,0.0
2023-07-21T04:00,19.0,85,1027.1,74,44.0,15,0.0
2023-07-21T05:00,19.0,86,1026.7,45,42.9,17,0.0
2023-07-21T06:00,18.9,87,1026.2,69,43.1,18,0.0
2023-07-21T07:00,18.9,87,1025.7,42,43.6,17,0.0
2023-07-21T08:00,18.9,87,1025.4,8,43.8,19,0.0
2023-07-21T09:00,19.0,87,1025.6,11,44.7,21,0.0
2023-07-21T10:00,19.0,88,1025.9,12,46.1,23,0.0
2023-07-21T11:00,19.0,89,1026.0,13,47.6,23,0.0
2023-07-21T12:00,19.0,90,1027.1,6,40.7,23,0.0
2023-07-21T13:00,19.1,89,1027.2,5,42.5,21,0.0
2023-07-21T14:00,19.2,87,1026.9,3,44.6,24,0.0
2023-07-21T15:00,19.3,88,1026.3,3,46.4,28,0.0
2023-07-21T16:00,19.5,87,1025.2,4,47.8,27,0.0
2023-07-21T17:00,19.6,86,1024.3,2,48.0,26,0.0
2023-07-21T18:00,19.8,86,1023.8,3,48.3,27,0.0
2023-07-21T19:00,19.8,86,1023.6,3,49.4,26,0.0
2023-07-21T20:00,19.9,85,1023.5,23,49.7,26,0.0
2023-07-21T21:00,19.9,86,1023.7,2,48.8,26,0.0
2023-07-21T22:00,19.8,87,1024.0,1,48.8,26,0.0
2023-07-21T23:00,19.6,89,1024.3,1,48.2,24,0.0
2023-07-22T00:00,19.4,91,1023.8,1,48.3,22,0.0
2023-07-22T01:00,19.3,91,1023.7,1,48.3,22,0.0
2023-07-22T02:00,19.2,92,1023.8,8,48.7,24,0.0
2023-07-22T03:00,19.1,91,1023.7,8,48.7,23,0.0
2023-07-22T04:00,19.0,91,1023.6,5,48.3,21,0.0
2023-07-22T05:00,19.0,90,1023.1,16,47.3,21,0.0
2023-07-22T06:00,19.0,90,1022.8,16,46.6,21,0.0
2023-07-22T07:00,19.0,90,1022.7,26,46.9,19,0.0
2023-07-22T08:00,19.0,90,1022.5,35,45.7,19,0.0
2023-07-22T09:00,19.1,90,1022.8,16,45.6,21,0.0
2023-07-22T10:00,19.1,90,1023.5,3,47.0,22,0.0
2023-07-22T11:00,19.1,91,1024.2,15,45.8,21,0.0
2023-07-22T12:00,19.0,91,1024.7,7,45.1,20,0.0
2023-07-22T13:00,19.0,90,1025.2,79,44.3,19,0.0
2023-07-22T14:00,19.1,89,1024.5,95,44.9,23,0.0
2023-07-22T15:00,19.1,89,1023.6,22,47.5,26,0.0
2023-07-22T16:00,19.4,89,1022.2,1,49.8,27,0.0
2023-07-22T17:00,19.4,89,1021.1,6,50.4,26,0.0
2023-07-22T18:00,19.4,89,1020.5,39,50.3,25,0.0
2023-07-22T19:00,19.4,89,1020.0,96,49.4,25,0.0
2023-07-22T20:00,19.4,90,1019.6,85,50.1,25,0.0
2023-07-22T21:00,19.4,90,1019.5,22,50.6,23,0.0
2023-07-22T22:00,19.2,91,1019.6,57,50.5,22,0.0
2023-07-22T23:00,19.1,92,1019.8,29,50.0,21,0.0
2023-07-23T00:00,19.0,94,1019.6,80,47.0,20,0.0
2023-07-23T01:00,18.8,95,1019.8,91,45.7,20,0.0
2023-07-23T02:00,18.7,96,1020.1,100,46.3,21,0.0
2023-07-23T03:00,18.8,95,1020.0,82,45.9,22,0.0
2023-07-23T04:00,18.9,94,1020.2,75,44.8,21,0.0
2023-07-23T05:00,18.9,93,1020.8,53,42.2,17,0.0
2023-07-23T06:00,18.9,92,1020.6,26,39.3,12,0.0
2023-07-23T07:00,18.7,93,1020.3,37,37.6,9,0.0
2023-07-23T08:00,18.6,93,1020.2,44,36.9,13,0.0
2023-07-23T09:00,18.5,94,1020.1,4,38.2,14,0.0
2023-07-23T10:00,18.5,93,1020.5,11,38.8,15,0.0
2023-07-23T11:00,18.7,91,1021.5,0,38.0,13,0.0
2023-07-23T12:00,18.9,90,1023.3,0,33.4,14,0.0
2023-07-23T13:00,18.9,91,1023.4,3,36.8,18,0.0
2023-07-23T14:00,18.7,93,1022.9,60,37.5,20,0.0
2023-07-23T15:00,18.9,92,1022.3,0,36.4,21,0.0
2023-07-23T16:00,19.2,90,1021.2,14,35.0,20,0.0
2023-07-23T17:00,19.5,89,1020.2,2,34.2,20,0.0
2023-07-23T18:00,19.9,88,1019.9,22,32.2,22,0.0
2023-07-23T19:00,20.0,87,1019.7,34,30.7,22,0.0
2023-07-23T20:00,20.1,87,1019.7,24,28.9,23,0.0
2023-07-23T21:00,20.3,87,1020.1,4,27.3,23,0.0
2023-07-23T22:00,20.0,89,1020.3,0,27.3,21,0.0
2023-07-23T23:00,19.8,91,1020.6,1,25.8,19,0.0
2023-07-24T00:00,19.5,93,1020.9,17,18.3,20,0.0
2023-07-24T01:00,19.5,93,1021.2,44,15.0,24,0.0
2023-07-24T02:00,19.5,93,1021.4,39,13.8,28,0.0
2023-07-24T03:00,19.3,94,1021.6,93,8.7,353,0.0
2023-07-24T04:00,19.6,93,1022.0,56,17.1,235,0.0
2023-07-24T05:00,19.0,92,1022.1,50,24.3,246,0.0
2023-07-24T06:00,18.5,92,1022.0,44,24.3,245,0.0
2023-07-24T07:00,18.4,92,1021.5,12,24.7,251,0.0
2023-07-24T08:00,18.2,92,1021.5,13,25.3,247,0.0
2023-07-24T09:00,18.3,92,1021.8,50,28.9,231,0.0
2023-07-24T10:00,18.3,94,1022.5,94,29.0,233,0.0
2023-07-24T11:00,18.4,94,1023.1,100,27.1,245,0.0
2023-07-24T12:00,18.2,93,1023.7,100,25.9,249,0.0
2023-07-24T13:00,18.5,92,1023.9,100,22.7,241,0.0
2023-07-24T14:00,18.9,92,1023.6,93,20.7,235,0.0
2023-07-24T15:00,19.0,92,1022.8,34,18.1,226,0.0
2023-07-24T16:00,19.0,92,1021.7,24,16.9,209,0.0
2023-07-24T17:00,18.6,94,1020.7,11,15.7,189,0.0
2023-07-24T18:00,18.1,98,1020.0,22,13.0,175,0.0
2023-07-24T19:00,18.4,98,1020.2,52,10.5,176,0.0
2023-07-24T20:00,18.8,97,1020.4,64,8.0,144,0.0
2023-07-24T21:00,18.9,97,1020.8,100,7.3,189,0.0
2023-07-24T22:00,19.0,96,1020.9,100,6.0,213,0.0
2023-07-24T23:00,19.0,95,1020.9,100,5.7,252,0.0
2023-07-25T00:00,19.0,95,1021.6,100,13.8,242,0.0
2023-07-25T01:00,19.0,95,1021.4,98,13.7,268,0.0
2023-07-25T02:00,19.0,95,1021.2,70,12.7,278,0.0
2023-07-25T03:00,19.0,94,1021.0,54,11.7,279,0.0
2023-07-25T04:00,19.0,94,1020.5,93,9.3,286,0.0
2023-07-25T05:00,19.0,92,1020.0,65,7.5,305,0.0
2023-07-25T06:00,19.0,91,1019.3,92,7.6,352,0.0
2023-07-25T07:00,18.8,92,1018.6,97,14.8,18,0.0
2023-07-25T08:00,18.5,94,1018.2,73,19.7,18,0.0
2023-07-25T09:00,18.6,94,1017.8,51,24.6,21,0.0
2023-07-25T10:00,19.0,93,1017.8,79,29.5,20,0.0
2023-07-25T11:00,19.0,94,1017.6,95,28.6,17,0.0
2023-07-25T12:00,18.6,98,1018.2,79,19.8,1,0.0
2023-07-25T13:00,18.5,99,1018.2,100,15.9,4,0.0
2023-07-25T14:00,18.2,100,1017.7,100,15.5,18,0.0
2023-07-25T15:00,18.2,99,1017.1,91,6.6,13,0.0
2023-07-25T16:00,18.0,99,1016.5,96,15.5,184,0.0
2023-07-25T17:00,18.4,98,1015.7,60,10.7,160,0.0
2023-07-25T18:00,18.1,99,1015.3,93,10.3,151,0.0
2023-07-25T19:00,18.4,98,1014.9,91,5.6,130,0.0
2023-07-25T20:00,18.2,98,1015.5,100,20.5,204,0.0
2023-07-25T21:00,18.0,100,1015.7,100,17.9,189,0.0
2023-07-25T22:00,17.8,99,1016.0,100,14.3,208,0.0
2023-07-25T23:00,17.6,99,1015.8,100,9.0,209,0.0
2023-07-26T00:00,17.9,95,1017.6,100,15.3,221,0.0
2023-07-26T01:00,17.9,94,1017.0,99,7.5,197,0.0
2023-07-26T02:00,18.0,93,1016.9,100,5.5,238,0.0
2023-07-26T03:00,18.0,93,1016.6,100,3.1,249,0.0
2023-07-26T04:00,17.9,94,1015.7,100,2.5,82,0.0
2023-07-26T05:00,18.0,94,1015.2,100,12.5,44,0.0
2023-07-26T06:00,18.3,94,1014.7,96,17.7,27,0.0
2023-07-26T07:00,18.3,94,1014.6,96,18.9,13,0.0
2023-07-26T08:00,18.5,94,1014.2,100,25.3,15,0.0
2023-07-26T09:00,18.5,97,1014.2,95,30.0,16,0.0
2023-07-26T10:00,18.7,95,1014.1,75,30.9,17,0.0
2023-07-26T11:00,18.3,98,1014.1,96,31.4,20,0.0
2023-07-26T12:00,18.8,98,1014.9,100,24.8,17,0.0
2023-07-26T13:00,18.7,97,1014.9,14,27.2,20,0.0
2023-07-26T14:00,19.0,94,1014.9,9,29.0,20,0.0
2023-07-26T15:00,19.6,88,1014.3,35,29.4,22,0.0
2023-07-26T16:00,20.2,83,1013.3,94,27.9,27,0.0
2023-07-26T17:00,20.6,80,1012.6,74,29.3,28,0.0
2023-07-26T18:00,21.1,80,1011.9,3,31.2,26,0.0
2023-07-26T19:00,21.1,82,1012.0,19,30.8,23,0.0
2023-07-26T20:00,21.0,84,1012.8,98,26.2,16,0.0
2023-07-26T21:00,20.6,88,1013.9,100,13.4,8,0.0
2023-07-26T22:00,20.4,90,1014.0,100,15.1,18,0.0
2023-07-26T23:00,20.2,91,1015.1,100,5.0,270,0.0
2023-07-27T00:00,20.1,91,1015.0,100,9.1,279,0.0
2023-07-27T01:00,19.7,88,1016.9,100,39.2,179,1.2
2023-07-27T02:00,19.5,86,1017.9,100,36.4,178,0.0
2023-07-27T03:00,19.2,84,1018.9,100,35.5,186,0.0
2023-07-27T04:00,18.8,86,1018.9,100,29.2,181,0.0
2023-07-27T05:00,18.5,85,1019.8,57,30.7,185,0.0
2023-07-27T06:00,18.0,82,1019.8,77,34.8,187,0.0
2023-07-27T07:00,17.7,80,1019.8,99,36.9,190,0.0
2023-07-27T08:00,17.5,79,1020.1,100,34.5,191,0.0
2023-07-27T09:00,17.2,79,1020.6,100,34.4,190,0.0
2023-07-27T10:00,17.1,77,1021.4,100,33.6,189,0.0
2023-07-27T11:00,17.0,77,1022.4,100,32.3,191,0.0
2023-07-27T12:00,16.7,80,1023.8,100,34.5,194,0.0
2023-07-27T13:00,16.7,75,1024.7,100,32.0,199,0.0
2023-07-27T14:00,16.6,73,1024.6,100,29.6,201,0.0
2023-07-27T15:00,16.6,73,1024.2,100,27.7,203,0.0
2023-07-27T16:00,16.5,73,1023.5,96,25.4,205,0.0
2023-07-27T17:00,16.5,71,1023.1,99,19.8,205,0.0
2023-07-27T18:00,16.4,72,1022.7,100,14.8,198,0.0
2023-07-27T19:00,16.4,71,1022.8,100,12.2,194,0.0
2023-07-27T20:00,16.4,72,1023.0,99,10.7,192,0.0
2023-07-27T21:00,16.5,71,1023.2,100,8.3,180,0.0
2023-07-27T22:00,16.7,69,1023.7,100,7.9,150,0.0
2023-07-27T23:00,16.8,68,1023.8,100,11.5,139,0.0
2023-07-28T00:00,17.0,64,1024.7,100,6.6,131,0.0
2023-07-28T01:00,17.1,63,1024.9,100,5.6,117,0.0
2023-07-28T02:00,17.2,64,1025.1,100,5.9,76,0.0
2023-07-28T03:00,17.4,67,1024.5,100,9.8,62,0.0
2023-07-28T04:00,17.6,68,1023.8,100,15.0,42,0.0
2023-07-28T05:00,17.8,70,1023.1,100,22.4,28,0.0
2023-07-28T06:00,17.5,76,1021.9,100,24.8,24,0.0
2023-07-28T07:00,17.0,84,1020.8,100,29.0,27,0.9
2023-07-28T08:00,17.7,81,1020.4,100,30.1,25,0.0
2023-07-28T09:00,17.5,85,1020.2,100,30.9,26,0.0
2023-07-28T10:00,18.2,83,1019.9,100,32.6,18,0.0
2023-07-28T11:00,18.9,80,1020.1,100,29.4,8,0.0
2023-07-28T12:00,16.8,89,1022.3,100,39.3,229,0.0
2023-07-28T13:00,17.4,90,1022.9,100,41.5,196,8.7
2023-07-28T14:00,17.2,84,1023.8,100,41.3,187,0.9
2023-07-28T15:00,17.0,83,1023.9,100,36.7,191,0.3
2023-07-28T16:00,16.8,82,1023.6,98,32.0,199,0.1
2023-07-28T17:00,16.5,82,1023.3,100,35.6,206,0.1
2023-07-28T18:00,16.6,82,1023.2,100,37.6,200,0.0
2023-07-28T19:00,16.4,78,1023.6,89,45.4,199,0.0
2023-07-28T20:00,16.4,70,1024.1,69,43.8,205,0.0
2023-07-28T21:00,16.3,70,1024.7,49,43.5,202,0.0
2023-07-28T22:00,16.2,69,1025.0,98,43.7,203,0.0
2023-07-28T23:00,16.1,68,1025.2,70,45.7,202,0.0
2023-07-29T00:00,16.1,72,1025.5,42,48.1,201,0.0
2023-07-29T01:00,16.1,66,1025.8,5,46.1,205,0.0
2023-07-29T02:00,16.4,62,1026.2,38,49.7,210,0.0
2023-07-29T03:00,16.1,65,1026.3,18,49.1,208,0.0
2023-07-29T04:00,15.9,66,1026.1,70,46.8,211,0.0
2023-07-29T05:00,15.7,68,1026.0,35,45.4,212,0.0
2023-07-29T06:00,15.6,69,1025.7,49,43.2,213,0.0
2023-07-29T07:00,15.4,71,1025.9,57,42.8,214,0.1
2023-07-29T08:00,15.2,71,1025.8,59,37.8,221,0.2
2023-07-29T09:00,14.9,72,1025.9,100,33.9,229,0.4
2023-07-29T10:00,13.6,78,1026.4,100,32.9,257,0.0
2023-07-29T11:00,13.4,78,1026.8,77,35.9,260,0.0
2023-07-29T12:00,13.8,79,1027.5,52,34.9,256,0.0
2023-07-29T13:00,14.4,75,1028.1,35,31.9,254,0.0
2023-07-29T14:00,15.1,71,1028.1,24,28.2,247,0.0
2023-07-29T15:00,15.2,71,1027.9,35,29.6,233,0.0
2023-07-29T16:00,15.3,71,1027.1,19,30.3,222,0.0
2023-07-29T17:00,15.4,71,1026.5,4,26.4,218,0.0
2023-07-29T18:00,15.4,72,1026.2,10,25.3,210,0.0
2023-07-29T19:00,15.8,70,1026.2,1,20.9,212,0.0
2023-07-29T20:00,15.9,70,1026.0,1,16.8,203,0.0
2023-07-29T21:00,16.0,70,1026.3,4,15.0,190,0.0
2023-07-29T22:00,16.1,71,1026.7,10,15.5,177,0.0
2023-07-29T23:00,16.2,72,1027.1,100,16.5,169,0.0
2023-07-30T00:00,16.1,72,1027.2,98,7.5,163,0.0
2023-07-30T01:00,16.3,70,1027.2,37,0.8,117,0.0
2023-07-30T02:00,16.4,71,1027.2,53,8.1,328,0.0
2023-07-30T03:00,16.2,72,1026.7,70,9.8,336,0.0
2023-07-30T04:00,16.4,72,1025.9,64,11.3,351,0.0
2023-07-30T05:00,16.4,74,1025.4,0,16.6,2,0.0
2023-07-30T06:00,16.4,73,1024.8,0,18.6,15,0.0
2023-07-30T07:00,16.3,75,1024.8,16,20.5,18,0.0
2023-07-30T08:00,16.4,77,1024.4,6,23.1,21,0.0
2023-07-30T09:00,16.6,72,1024.4,14,28.0,24,0.0
2023-07-30T10:00,16.9,68,1024.5,0,31.4,25,0.0
2023-07-30T11:00,17.0,68,1024.8,0,34.3,24,0.0
2023-07-30T12:00,16.8,71,1024.8,0,33.0,22,0.0
2023-07-30T13:00,16.9,73,1024.9,0,33.3,25,0.0
2023-07-30T14:00,17.0,73,1024.9,0,35.6,30,0.0
2023-07-30T15:00,17.2,74,1024.3,0,37.0,34,0.0
2023-07-30T16:00,17.3,76,1023.2,0,39.5,33,0.0
2023-07-30T17:00,17.8,74,1022.7,0,39.5,29,0.0
2023-07-30T18:00,18.0,75,1022.1,0,37.4,28,0.0
2023-07-30T19:00,18.1,77,1022.1,0,35.8,29,0.0
2023-07-30T20:00,18.2,79,1022.2,0,36.6,28,0.0
2023-07-30T21:00,18.3,79,1022.2,0,37.2,23,0.0
2023-07-30T22:00,18.4,79,1022.4,1,37.7,19,0.0
2023-07-30T23:00,18.2,80,1022.5,95,36.3,18,0.0
2023-07-31T00:00,18.0,83,1022.6,100,33.4,18,0.0
2023-07-31T01:00,17.9,84,1023.0,100,31.2,17,0.0
2023-07-31T02:00,17.6,85,1023.5,85,27.9,15,0.0
2023-07-31T03:00,17.4,85,1023.8,98,23.7,9,0.0
2023-07-31T04:00,17.0,86,1023.3,97,19.1,360,0.0
2023-07-31T05:00,16.6,88,1022.9,100,16.3,352,0.0
2023-07-31T06:00,16.6,84,1022.1,100,17.7,356,0.0
2023-07-31T07:00,16.9,82,1022.0,100,16.9,1,0.0
2023-07-31T08:00,17.2,83,1021.8,100,19.4,11,0.0
2023-07-31T09:00,17.4,84,1022.2,100,20.9,11,0.0
2023-07-31T10:00,17.0,85,1022.9,100,18.1,5,0.0
2023-07-31T11:00,16.8,84,1023.4,100,15.5,356,0.0
2023-07-31T12:00,16.9,81,1024.0,5,11.3,353,0.0
2023-07-31T13:00,16.9,81,1023.9,17,10.8,356,0.0
2023-07-31T14:00,16.9,82,1023.9,8,8.7,355,0.0
2023-07-31T15:00,16.8,82,1023.2,0,7.7,11,0.0
2023-07-31T16:00,16.9,82,1022.3,0,6.5,19,0.0
2023-07-31T17:00,17.0,82,1021.8,0,4.6,51,0.0
2023-07-31T18:00,17.5,83,1021.8,0,4.5,119,0.0
2023-07-31T19:00,18.1,83,1022.2,0,7.1,139,0.0
2023-07-31T20:00,18.5,83,1022.6,0,6.6,135,0.0
2023-07-31T21:00,18.5,82,1023.0,0,2.6,164,0.0
2023-07-31T22:00,18.3,82,1023.5,0,7.1,255,0.0
2023-07-31T23:00,18.2,85,1024.1,0,10.0,240,0.0
2023-08-01T00:00,18.2,85,1024.1,0,10.7,230,0.0
2023-08-01T01:00,18.0,87,1023.9,1,8.2,241,0.0
2023-08-01T02:00,17.9,89,1023.9,14,6.8,238,0.0
2023-08-01T03:00,17.9,87,1023.9,88,5.4,222,0.0
2023-08-01T04:00,17.7,89,1023.6,99,4.1,225,0.0
2023-08-01T05:00,17.6,89,1022.7,99,2.7,293,0.0
2023-08-01T06:00,17.8,84,1022.3,88,3.0,346,0.0
2023-08-01T07:00,17.8,86,1022.0,29,6.3,31,0.0
2023-08-01T08:00,18.1,87,1021.8,2,8.9,40,0.0
2023-08-01T09:00,18.4,86,1022.1,0,13.1,37,0.0
2023-08-01T10:00,18.3,87,1022.5,0,15.2,31,0.0
2023-08-01T11:00,18.2,89,1023.2,0,15.1,25,0.0
2023-08-01T12:00,17.9,86,1023.7,1,12.7,7,0.0
2023-08-01T13:00,17.9,86,1023.8,42,16.3,18,0.0
2023-08-01T14:00,17.8,85,1023.6,2,18.5,24,0.0
2023-08-01T15:00,17.6,91,1023.0,2,17.7,38,0.0
2023-08-01T16:00,17.5,97,1022.0,9,20.2,49,0.0
2023-08-01T17:00,17.8,96,1021.0,12,23.7,48,0.0
2023-08-01T18:00,18.8,85,1020.2,0,30.6,37,0.0
2023-08-01T19:00,19.1,79,1019.9,0,34.3,33,0.0
2023-08-01T20:00,19.3,78,1019.9,0,35.0,30,0.0
2023-08-01T21:00,19.4,78,1020.0,0,35.7,28,0.0
2023-08-01T22:00,19.4,80,1020.1,0,36.6,24,0.0
2023-08-01T23:00,19.2,81,1020.2,0,35.6,20,0.0
2023-08-02T00:00,18.8,83,1019.9,0,34.0,18,0.0
2023-08-02T01:00,18.5,86,1020.1,0,31.0,18,0.0
2023-08-02T02:00,18.4,88,1019.9,0,32.1,18,0.0
2023-08-02T03:00,18.1,91,1019.8,0,29.8,15,0.0
2023-08-02T04:00,18.0,92,1019.5,0,25.9,14,0.0
2023-08-02T05:00,18.0,90,1019.2,0,24.6,12,0.0
2023-08-02T06:00,17.8,90,1018.8,0,21.5,9,0.0
2023-08-02T07:00,17.6,90,1018.6,0,17.3,4,0.0
2023-08-02T08:00,17.2,91,1018.6,1,14.8,357,0.0
2023-08-02T09:00,16.9,90,1019.4,14,12.3,345,0.0
2023-08-02T10:00,16.5,89,1019.7,30,10.5,333,0.0
2023-08-02T11:00,16.1,90,1020.1,37,8.5,332,0.0
2023-08-02T12:00,17.2,86,1019.9,40,10.5,356,0.0
2023-08-02T13:00,17.3,88,1020.3,0,12.3,15,0.0
2023-08-02T14:00,17.2,91,1020.0,10,16.3,22,0.0
2023-08-02T15:00,16.9,97,1019.5,12,15.6,23,0.0
2023-08-02T16:00,16.9,96,1018.5,2,13.4,27,0.0
2023-08-02T17:00,17.1,94,1017.3,0,13.8,33,0.0
2023-08-02T18:00,17.2,94,1016.6,0,13.6,37,0.0
2023-08-02T19:00,17.4,95,1016.3,0,12.5,39,0.0
2023-08-02T20:00,17.7,94,1016.4,0,9.7,42,0.0
2023-08-02T21:00,17.9,94,1016.7,0,7.4,39,0.0
2023-08-02T22:00,18.4,92,1016.9,0,6.8,25,0.0
2023-08-02T23:00,18.3,93,1017.0,0,6.2,10,0.0
2023-08-03T00:00,18.4,93,1016.8,0,6.6,9,0.0
2023-08-03T01:00,18.4,94,1016.9,0,6.1,357,0.0
2023-08-03T02:00,18.4,94,1016.8,0,6.2,339,0.0
2023-08-03T03:00,18.3,95,1016.9,13,6.1,332,0.0
2023-08-03T04:00,18.1,95,1016.7,34,7.6,315,0.0
2023-08-03T05:00,17.8,95,1016.3,73,8.7,315,0.0
2023-08-03T06:00,17.5,95,1016.3,90,8.8,305,0.0
2023-08-03T07:00,17.0,96,1016.1,100,9.2,281,0.0
2023-08-03T08:00,16.0,98,1016.3,100,10.4,284,0.0
2023-08-03T09:00,15.4,100,1016.7,96,11.6,292,0.0
2023-08-03T10:00,16.0,94,1017.2,53,11.3,297,0.0
2023-08-03T11:00,17.0,84,1017.7,18,10.7,290,0.0
2023-08-03T12:00,16.4,88,1019.2,3,10.8,233,0.0
2023-08-03T13:00,18.0,79,1020.1,1,16.2,233,0.0
2023-08-03T14:00,19.4,82,1020.1,0,28.2,215,0.0
2023-08-03T15:00,18.6,91,1020.1,1,34.2,213,0.0
2023-08-03T16:00,18.5,94,1019.6,98,34.3,212,0.0
2023-08-03T17:00,18.6,93,1019.3,94,31.6,212,0.0
2023-08-03T18:00,18.6,93,1019.1,17,27.9,213,0.0
2023-08-03T19:00,18.6,92,1019.7,28,25.2,217,0.0
2023-08-03T20:00,18.6,92,1020.1,37,24.9,217,0.0
2023-08-03T21:00,18.5,91,1020.7,81,23.7,216,0.0
2023-08-03T22:00,18.5,90,1021.1,98,21.0,218,0.0
2023-08-03T23:00,18.4,91,1021.4,100,16.9,220,0.0
2023-08-04T00:00,18.3,91,1021.8,100,18.1,224,0.0
2023-08-04T01:00,18.2,91,1022.1,100,17.3,228,0.0
2023-08-04T02:00,18.0,92,1022.0,100,15.4,233,0.0
2023-08-04T03:00,17.9,92,1021.6,96,15.4,237,0.0
2023-08-04T04:00,17.6,93,1021.3,96,14.0,244,0.0
2023-08-04T05:00,17.4,94,1020.5,18,12.6,257,0.0
2023-08-04T06:00,17.2,92,1020.1,26,9.7,272,0.0
2023-08-04T07:00,17.2,91,1019.8,9,4.3,294,0.0
2023-08-04T08:00,17.3,90,1019.9,14,2.6,16,0.0
2023-08-04T09:00,17.4,90,1020.0,16,7.1,49,0.0
2023-08-04T10:00,17.4,92,1020.0,38,10.7,42,0.0
2023-08-04T11:00,17.8,91,1020.1,22,18.6,32,0.0
2023-08-04T12:00,18.1,91,1019.6,1,26.0,19,0.0
2023-08-04T13:00,18.5,90,1019.1,0,27.9,17,0.0
2023-08-04T14:00,18.6,89,1018.5,18,28.5,16,0.0
2023-08-04T15:00,18.9,88,1017.4,90,27.9,20,0.0
2023-08-04T16:00,19.3,86,1016.2,67,29.1,22,0.0
2023-08-04T17:00,19.6,85,1015.3,78,27.7,26,0.0
2023-08-04T18:00,19.8,85,1014.6,76,28.5,29,0.0
2023-08-04T19:00,19.9,85,1014.7,87,27.4,30,0.0
2023-08-04T20:00,19.9,86,1014.9,35,27.4,30,0.0
2023-08-04T21:00,19.9,86,1015.0,0,26.6,27,0.0
2023-08-04T22:00,19.8,87,1015.4,0,24.5,20,0.0
2023-08-04T23:00,19.4,90,1015.9,7,19.5,5,0.0
2023-08-05T00:00,18.6,95,1016.9,0,9.0,5,0.0
2023-08-05T01:00,18.2,97,1017.2,0,5.1,278,0.0
2023-08-05T02:00,18.5,94,1017.7,0,15.1,242,0.0
2023-08-05T03:00,18.3,94,1017.9,0,18.4,230,0.0
2023-08-05T04:00,18.2,94,1017.8,10,18.3,234,0.0
2023-08-05T05:00,18.1,93,1017.7,1,15.0,246,0.0
2023-08-05T06:00,18.0,92,1017.4,0,13.1,254,0.0
2023-08-05T07:00,18.0,92,1017.4,0,15.8,229,0.0
2023-08-05T08:00,17.9,92,1017.7,0,18.0,233,0.0
2023-08-05T09:00,18.0,92,1018.6,3,19.1,223,0.0
2023-08-05T10:00,18.0,93,1019.5,2,17.6,229,0.0
2023-08-05T11:00,18.0,92,1020.4,0,18.2,232,0.0
2023-08-05T12:00,17.4,94,1022.2,95,21.3,244,0.0
2023-08-05T13:00,18.0,92,1022.8,92,27.0,223,0.0
2023-08-05T14:00,18.3,90,1022.9,100,25.4,212,0.0
2023-08-05T15:00,18.4,90,1022.6,100,21.9,213,0.0
2023-08-05T16:00,18.3,90,1021.7,11,18.4,219,0.0
2023-08-05T17:00,18.1,91,1020.6,0,15.9,219,0.0
2023-08-05T18:00,17.9,92,1020.2,2,13.6,197,0.0
2023-08-05T19:00,17.9,93,1020.3,10,13.4,174,0.0
2023-08-05T20:00,18.2,93,1020.6,15,12.9,153,0.0
2023-08-05T21:00,18.7,92,1020.9,58,14.8,131,0.0
2023-08-05T22:00,18.9,92,1021.2,100,10.1,107,0.0
2023-08-05T23:00,19.0,93,1021.7,100,8.9,40,0.0
2023-08-06T00:00,18.6,94,1022.1,100,5.4,37,0.0
2023-08-06T01:00,18.7,94,1022.1,100,8.7,17,0.0
2023-08-06T02:00,18.6,95,1021.7,100,10.4,14,0.0
2023-08-06T03:00,18.5,95,1021.2,100,13.4,8,0.0
2023-08-06T04:00,18.5,95,1020.7,100,16.1,10,0.0
2023-08-06T05:00,18.5,95,1020.2,4,21.0,16,0.0
2023-08-06T06:00,18.5,95,1019.7,17,26.9,20,0.0
2023-08-06T07:00,18.5,94,1019.0,8,31.9,20,0.0
2023-08-06T08:00,18.6,93,1018.4,5,35.3,20,0.0
2023-08-06T09:00,18.8,91,1018.5,5,35.5,23,0.0
2023-08-06T10:00,18.7,91,1018.5,14,34.7,23,0.0
2023-08-06T11:00,18.6,91,1018.7,5,33.9,22,0.0
2023-08-06T12:00,18.6,92,1019.0,2,33.8,22,0.0
2023-08-06T13:00,18.6,92,1018.9,0,35.3,23,0.0
2023-08-06T14:00,18.6,91,1018.2,0,37.7,25,0.0
2023-08-06T15:00,19.0,88,1017.5,0,39.1,27,0.0
2023-08-06T16:00,19.4,86,1016.2,0,38.7,29,0.0
2023-08-06T17:00,19.8,84,1015.1,0,40.5,30,0.0
2023-08-06T18:00,19.9,84,1014.2,0,41.7,31,0.0
2023-08-06T19:00,19.6,86,1014.1,0,41.1,29,0.0
2023-08-06T20:00,19.5,88,1014.1,0,41.9,25,0.0
2023-08-06T21:00,19.4,89,1013.7,0,42.5,22,0.0
2023-08-06T22:00,19.2,90,1013.9,0,41.1,19,0.0
2023-08-06T23:00,19.2,90,1014.3,0,38.8,17,0.0
2023-08-07T00:00,19.1,91,1014.1,0,35.4,15,0.0
2023-08-07T01:00,19.1,92,1014.3,0,31.5,14,0.0
2023-08-07T02:00,19.1,91,1014.2,0,27.0,9,0.0
2023-08-07T03:00,19.1,89,1014.4,0,20.9,1,0.0
2023-08-07T04:00,19.1,88,1013.7,0,21.3,4,0.0
2023-08-07T05:00,19.2,87,1013.5,21,26.4,5,0.0
2023-08-07T06:00,19.3,87,1013.3,82,22.0,4,0.0
2023-08-07T07:00,19.5,84,1012.9,72,18.0,358,0.0
2023-08-07T08:00,19.5,83,1012.7,61,17.5,351,0.0
2023-08-07T09:00,19.6,82,1012.7,12,16.5,349,0.0
2023-08-07T10:00,19.6,82,1013.0,5,15.5,3,0.0
2023-08-07T11:00,19.5,83,1013.5,3,14.2,9,0.0
2023-08-07T12:00,19.4,85,1014.4,0,6.0,253,0.0
2023-08-07T13:00,19.9,80,1015.8,4,20.8,210,0.0
2023-08-07T14:00,19.9,79,1016.8,30,27.0,211,0.0
2023-08-07T15:00,19.2,89,1018.0,17,51.6,204,0.0
2023-08-07T16:00,18.7,92,1018.1,93,40.9,205,0.0
2023-08-07T17:00,18.5,92,1018.4,100,40.9,217,1.4
2023-08-07T18:00,17.9,90,1019.0,100,44.6,218,0.1
2023-08-07T19:00,17.7,91,1019.6,100,44.6,223,1.4
2023-08-07T20:00,17.6,91,1020.2,100,43.5,223,0.6
2023-08-07T21:00,17.7,89,1021.5,100,43.9,222,0.7
2023-08-07T22:00,17.5,90,1022.2,100,43.1,223,1.4
2023-08-07T23:00,17.4,89,1023.1,100,46.7,216,1.8
2023-08-08T00:00,17.5,86,1024.8,100,38.3,221,0.4
2023-08-08T01:00,17.5,84,1025.7,100,37.1,230,0.0
2023-08-08T02:00,17.3,84,1026.2,80,39.6,230,0.0
2023-08-08T03:00,17.1,84,1026.7,99,34.1,223,0.1
2023-08-08T04:00,17.5,79,1026.5,99,26.6,220,0.2
2023-08-08T05:00,18.4,67,1026.4,100,25.6,212,0.0
2023-08-08T06:00,17.6,73,1026.5,100,25.7,185,0.1
2023-08-08T07:00,17.8,72,1026.6,100,29.7,161,0.3
2023-08-08T08:00,17.8,70,1026.8,100,33.0,152,0.0
2023-08-08T09:00,18.1,61,1027.2,96,31.3,151,0.0
2023-08-08T10:00,17.9,65,1027.9,30,30.9,146,0.0
2023-08-08T11:00,17.7,65,1028.6,71,29.8,133,0.0
2023-08-08T12:00,18.1,55,1029.8,86,26.7,137,0.0
2023-08-08T13:00,18.0,58,1030.2,100,28.7,128,0.0
2023-08-08T14:00,17.6,63,1030.5,100,29.8,115,0.0
2023-08-08T15:00,17.9,59,1030.2,83,24.9,110,0.0
2023-08-08T16:00,18.2,54,1029.2,98,21.8,112,0.0
2023-08-08T17:00,18.1,58,1028.6,56,23.3,110,0.0
2023-08-08T18:00,18.2,55,1028.7,78,21.4,98,0.0
2023-08-08T19:00,18.5,53,1028.4,100,18.7,90,0.0
2023-08-08T20:00,18.8,53,1028.4,100,19.5,92,0.0
2023-08-08T21:00,18.9,55,1028.9,100,22.1,83,0.0
2023-08-08T22:00,18.9,56,1028.8,100,23.7,73,0.0
2023-08-08T23:00,18.9,60,1028.7,100,26.1,75,0.0
2023-08-09T00:00,17.8,70,1029.6,100,27.9,76,0.0
2023-08-09T01:00,18.0,71,1029.4,100,28.1,71,0.0
2023-08-09T02:00,18.3,70,1029.5,100,30.4,64,0.0
2023-08-09T03:00,18.1,72,1028.8,100,33.0,63,0.0
2023-08-09T04:00,18.4,70,1028.0,100,33.3,59,0.0
2023-08-09T05:00,18.9,64,1026.9,100,32.0,52,0.0
2023-08-09T06:00,18.5,71,1025.9,100,41.1,53,0.0
2023-08-09T07:00,18.5,72,1025.4,100,39.9,51,0.0
2023-08-09T08:00,18.7,72,1025.1,100,38.4,51,0.0
2023-08-09T09:00,19.0,70,1025.1,100,36.7,52,0.0
2023-08-09T10:00,19.1,71,1024.9,100,35.3,50,0.0
2023-08-09T11:00,19.0,74,1025.4,100,34.6,47,0.0
2023-08-09T12:00,18.2,81,1026.3,100,36.0,50,0.3
2023-08-09T13:00,18.1,81,1026.5,100,38.4,44,0.2
2023-08-09T14:00,17.5,87,1026.2,100,39.0,42,0.3
2023-08-09T15:00,17.8,86,1025.7,100,37.1,40,1.4
2023-08-09T16:00,17.9,87,1024.2,100,36.7,41,0.7
2023-08-09T17:00,18.1,86,1022.9,100,41.1,40,0.9
2023-08-09T18:00,18.2,87,1022.2,100,39.9,40,0.4
2023-08-09T19:00,18.4,87,1021.9,100,40.1,40,0.7
2023-08-09T20:00,18.5,88,1021.5,100,39.5,43,0.3
2023-08-09T21:00,18.5,88,1021.5,100,42.1,41,0.2
2023-08-09T22:00,18.5,89,1021.4,100,39.6,39,1.2
2023-08-09T23:00,18.6,89,1021.3,100,39.2,46,2.6
2023-08-10T00:00,18.6,90,1020.8,100,36.9,39,3.0
2023-08-10T01:00,18.7,90,1020.9,100,36.7,35,0.4
2023-08-10T02:00,18.5,92,1020.9,100,34.2,33,1.8
2023-08-10T03:00,18.6,92,1020.0,99,35.7,31,0.5
2023-08-10T04:00,18.8,92,1019.2,82,35.6,28,0.1
2023-08-10T05:00,18.9,92,1018.3,49,34.2,29,0.1
2023-08-10T06:00,19.0,92,1017.5,54,35.9,31,0.1
2023-08-10T07:00,19.0,92,1017.0,72,39.0,33,0.1
2023-08-10T08:00,19.0,91,1016.6,48,40.0,33,0.0
2023-08-10T09:00,19.2,91,1016.8,48,36.7,26,0.0
2023-08-10T10:00,19.2,91,1017.0,36,37.1,23,0.0
2023-08-10T11:00,19.2,91,1017.2,44,37.1,24,0.0
2023-08-10T12:00,19.0,92,1018.6,25,32.2,36,0.0
2023-08-10T13:00,19.0,93,1018.8,34,29.7,38,0.0
2023-08-10T14:00,19.0,93,1018.3,23,33.2,41,0.0
2023-08-10T15:00,18.9,94,1017.4,20,36.9,38,0.0
2023-08-10T16:00,19.0,92,1016.2,19,39.0,35,0.0
2023-08-10T17:00,19.4,92,1015.1,10,40.6,35,0.0
2023-08-10T18:00,19.6,91,1014.9,88,43.6,25,0.0
2023-08-10T19:00,19.8,91,1014.4,25,44.1,26,0.0
2023-08-10T20:00,19.6,92,1014.0,11,41.3,32,0.0
2023-08-10T21:00,19.6,93,1014.5,21,44.1,28,0.0
2023-08-10T22:00,19.8,92,1014.8,99,41.1,28,0.0
2023-08-10T23:00,19.5,94,1014.6,100,42.9,33,0.0
2023-08-11T00:00,19.7,93,1015.0,100,41.4,24,0.0
2023-08-11T01:00,19.5,94,1014.9,100,42.0,28,0.0
2023-08-11T02:00,19.5,94,1014.0,93,46.2,28,0.0
2023-08-11T03:00,19.5,93,1012.9,26,50.7,27,0.0
2023-08-11T04:00,19.5,93,1012.2,100,50.1,26,0.0
2023-08-11T05:00,19.6,91,1012.0,100,49.6,22,0.0
2023-08-11T06:00,19.9,89,1011.1,100,51.2,20,0.0
2023-08-11T07:00,19.9,89,1010.9,100,52.2,21,0.0
2023-08-11T08:00,19.8,90,1010.5,99,51.1,23,0.0
2023-08-11T09:00,19.9,89,1010.6,100,51.1,18,0.0
2023-08-11T10:00,19.8,88,1013.6,100,37.2,356,0.5
2023-08-11T11:00,19.6,90,1011.5,90,48.9,35,2.7
2023-08-11T12:00,19.0,91,1012.9,100,36.6,32,0.1
2023-08-11T13:00,19.4,89,1012.8,100,33.5,15,0.0
2023-08-11T14:00,19.0,92,1012.5,100,30.6,18,0.0
2023-08-11T15:00,19.3,89,1012.5,100,23.2,19,0.0
2023-08-11T16:00,19.4,89,1011.5,100,22.1,22,0.0
2023-08-11T17:00,19.1,89,1010.6,100,15.9,33,0.0
2023-08-11T18:00,18.6,92,1010.7,75,14.5,42,0.0
2023-08-11T19:00,18.9,90,1011.0,100,12.7,47,0.0
2023-08-11T20:00,18.9,91,1011.7,99,10.2,45,0.0
2023-08-11T21:00,19.0,90,1012.3,76,10.7,57,0.0
2023-08-11T22:00,18.9,91,1013.1,23,6.2,80,0.0
2023-08-11T23:00,19.2,89,1014.1,37,8.9,194,0.0
2023-08-12T00:00,19.3,87,1015.7,98,12.5,168,0.0
2023-08-12T01:00,19.1,88,1015.9,30,14.7,169,0.0
2023-08-12T02:00,19.1,88,1017.0,97,16.9,181,0.0
2023-08-12T03:00,19.1,89,1016.8,100,18.2,171,0.0
2023-08-12T04:00,19.0,91,1016.4,100,12.7,165,0.0
2023-08-12T05:00,18.6,93,1016.0,100,8.6,158,0.0
2023-08-12T06:00,18.5,94,1015.6,93,8.0,198,0.0
2023-08-12T07:00,18.4,95,1016.2,27,13.4,234,0.0
2023-08-12T08:00,18.2,96,1016.0,83,14.7,216,0.0
2023-08-12T09:00,18.2,97,1016.3,100,16.9,209,0.0
2023-08-12T10:00,18.3,96,1017.2,100,14.5,207,0.0
2023-08-12T11:00,18.4,94,1018.5,100,16.5,216,0.3
2023-08-12T12:00,17.5,88,1020.5,100,40.1,208,2.6
2023-08-12T13:00,16.9,75,1021.8,100,36.1,212,0.5
2023-08-12T14:00,16.8,74,1022.4,100,32.9,215,0.0
2023-08-12T15:00,16.8,71,1022.3,100,33.7,214,0.0
2023-08-12T16:00,17.0,70,1021.0,100,28.8,217,0.0
2023-08-12T17:00,16.9,70,1020.5,100,30.0,213,0.0
2023-08-12T18:00,16.6,72,1020.3,100,32.7,208,0.0
2023-08-12T19:00,16.4,68,1020.4,21,30.8,201,0.0
2023-08-12T20:00,16.4,68,1021.1,100,37.2,199,0.0
2023-08-12T21:00,16.3,69,1021.7,10,31.0,202,0.0
2023-08-12T22:00,16.1,66,1021.8,49,33.6,197,0.0
2023-08-12T23:00,16.1,60,1022.9,100,40.4,198,0.0
2023-08-13T00:00,15.8,62,1023.0,100,34.8,196,0.0
2023-08-13T01:00,15.6,62,1024.0,95,41.3,198,0.0
2023-08-13T02:00,15.5,62,1024.4,100,40.8,205,0.0
2023-08-13T03:00,15.1,63,1024.5,100,42.8,207,0.0
2023-08-13T04:00,14.9,63,1023.8,100,40.4,208,0.0
2023-08-13T05:00,14.9,62,1023.7,99,39.1,208,0.0
2023-08-13T06:00,14.8,63,1023.2,72,39.8,206,0.0
2023-08-13T07:00,14.7,62,1023.7,100,40.9,211,0.0
2023-08-13T08:00,14.7,62,1023.9,91,41.9,213,0.0
2023-08-13T09:00,14.5,61,1024.7,80,40.4,214,0.0
2023-08-13T10:00,14.1,62,1025.5,64,34.3,219,0.0
2023-08-13T11:00,13.9,63,1026.3,79,30.8,223,0.0
2023-08-13T12:00,13.5,67,1027.7,59,30.8,225,0.0
2023-08-13T13:00,13.7,65,1027.8,72,28.4,219,0.0
2023-08-13T14:00,13.8,62,1027.6,60,29.4,211,0.0
2023-08-13T15:00,13.8,61,1027.5,18,28.2,212,0.0
2023-08-13T16:00,13.6,61,1026.5,0,22.3,218,0.0
2023-08-13T17:00,13.6,60,1025.7,0,21.4,213,0.0
2023-08-13T18:00,13.6,61,1025.2,0,21.3,208,0.0
2023-08-13T19:00,13.9,61,1024.8,0,18.5,209,0.0
2023-08-13T20:00,14.0,60,1024.8,0,14.6,213,0.0
2023-08-13T21:00,14.0,60,1025.1,0,13.7,203,0.0
2023-08-13T22:00,14.1,59,1025.4,0,12.0,196,0.0
2023-08-13T23:00,14.1,59,1025.5,0,6.2,201,0.0
2023-08-14T00:00,13.7,60,1025.7,32,3.7,241,0.0
2023-08-14T01:00,13.7,60,1025.3,1,2.9,263,0.0
2023-08-14T02:00,13.9,59,1025.5,14,5.2,344,0.0
2023-08-14T03:00,14.1,60,1024.7,0,9.1,18,0.0
2023-08-14T04:00,14.4,63,1024.3,0,9.9,46,0.0
2023-08-14T05:00,14.6,65,1023.7,0,14.0,46,0.0
2023-08-14T06:00,14.9,66,1023.1,1,17.9,34,0.0
2023-08-14T07:00,15.1,69,1022.7,1,19.1,32,0.0
2023-08-14T08:00,15.4,71,1022.3,2,19.7,35,0.0
2023-08-14T09:00,15.7,72,1022.4,1,19.1,32,0.0
2023-08-14T10:00,15.9,72,1023.0,5,14.4,37,0.0
2023-08-14T11:00,15.9,73,1023.4,11,10.8,30,0.0
2023-08-14T12:00,15.3,77,1024.1,1,11.3,343,0.0
2023-08-14T13:00,14.8,82,1023.9,1,10.5,308,0.0
2023-08-14T14:00,14.8,81,1023.7,0,7.4,309,0.0
2023-08-14T15:00,15.1,79,1023.2,0,4.7,9,0.0
2023-08-14T16:00,15.2,80,1022.5,0,5.9,47,0.0
2023-08-14T17:00,15.6,79,1021.9,0,7.1,60,0.0
2023-08-14T18:00,16.0,79,1021.4,0,10.3,36,0.0
2023-08-14T19:00,16.6,80,1021.2,0,11.0,32,0.0
2023-08-14T20:00,17.3,81,1021.2,0,14.3,28,0.0
2023-08-14T21:00,17.5,83,1021.4,0,19.5,25,0.0
2023-08-14T22:00,17.7,83,1021.4,0,21.3,22,0.0
2023-08-14T23:00,17.7,85,1021.7,8,21.6,24,0.0
2023-08-15T00:00,17.8,87,1022.2,10,24.8,19,0.0
2023-08-15T01:00,17.6,87,1022.2,0,25.3,15,0.0
2023-08-15T02:00,17.5,88,1022.0,0,24.2,11,0.0
2023-08-15T03:00,17.3,89,1021.8,0,22.6,9,0.0
2023-08-15T04:00,17.1,88,1021.2,8,22.1,7,0.0
2023-08-15T05:00,16.9,89,1020.2,21,23.6,8,0.0
2023-08-15T06:00,16.8,90,1019.5,0,22.2,8,0.0
2023-08-15T07:00,17.0,87,1019.6,0,21.4,13,0.0
2023-08-15T08:00,17.0,87,1019.4,1,20.5,10,0.0
2023-08-15T09:00,16.5,89,1020.0,30,15.5,360,0.0
2023-08-15T10:00,16.0,90,1020.4,52,14.4,357,0.0
2023-08-15T11:00,15.8,91,1020.7,62,12.3,357,0.0
2023-08-15T12:00,15.3,93,1021.1,65,6.2,339,0.0
2023-08-15T13:00,15.1,94,1021.4,27,5.1,4,0.0
2023-08-15T14:00,15.1,96,1021.3,36,7.9,16,0.0
2023-08-15T15:00,15.8,93,1021.1,23,11.4,24,0.0
2023-08-15T16:00,16.9,92,1020.0,10,15.5,22,0.0
2023-08-15T17:00,18.0,90,1019.4,1,21.4,25,0.0
2023-08-15T18:00,18.4,88,1019.0,0,29.8,27,0.0
2023-08-15T19:00,18.5,88,1019.0,0,31.1,28,0.0
2023-08-15T20:00,18.6,87,1019.1,0,33.7,30,0.0
2023-08-15T21:00,18.8,87,1019.3,0,37.4,30,0.0
2023-08-15T22:00,18.8,88,1019.6,0,40.9,28,0.0
2023-08-15T23:00,18.8,90,1020.0,0,42.5,26,0.0
2023-08-16T00:00,18.5,92,1019.9,2,43.9,23,0.0
2023-08-16T01:00,18.4,93,1020.2,18,43.9,23,0.0
2023-08-16T02:00,18.5,93,1020.5,48,44.6,24,0.0
2023-08-16T03:00,18.6,93,1020.3,57,45.6,26,0.0
2023-08-16T04:00,18.6,93,1020.0,36,46.0,26,0.0
2023-08-16T05:00,18.8,92,1019.8,32,46.4,24,0.0
2023-08-16T06:00,18.8,92,1019.2,33,46.5,22,0.0
2023-08-16T07:00,19.0,90,1018.8,4,44.5,21,0.0
2023-08-16T08:00,18.9,92,1018.9,5,43.9,23,0.0
2023-08-16T09:00,18.7,95,1019.4,43,43.7,24,0.0
2023-08-16T10:00,18.7,95,1020.0,48,44.8,21,0.0
2023-08-16T11:00,18.6,95,1020.4,22,44.2,19,0.0
2023-08-16T12:00,19.0,94,1020.7,14,41.8,22,0.0
2023-08-16T13:00,19.1,91,1020.5,3,40.7,23,0.0
2023-08-16T14:00,19.5,85,1020.2,1,40.4,25,0.0
2023-08-16T15:00,19.2,88,1019.3,0,42.2,31,0.0
2023-08-16T16:00,19.7,86,1018.5,0,43.5,29,0.0
2023-08-16T17:00,20.2,82,1017.6,0,44.9,26,0.0
2023-08-16T18:00,20.0,86,1017.0,0,47.3,25,0.0
2023-08-16T19:00,20.1,87,1016.6,1,46.0,26,0.0
2023-08-16T20:00,19.9,90,1016.6,0,44.8,28,0.0
2023-08-16T21:00,19.9,90,1016.8,0,46.1,25,0.0
2023-08-16T22:00,19.6,93,1017.2,17,46.1,23,0.0
2023-08-16T23:00,19.4,95,1017.7,18,44.6,22,0.0
2023-08-17T00:00,19.0,97,1017.5,54,41.6,22,0.0
2023-08-17T01:00,18.9,98,1017.5,99,39.4,21,0.0
2023-08-17T02:00,18.8,98,1017.6,98,37.8,21,0.0
2023-08-17T03:00,18.8,97,1016.8,87,37.0,21,0.0
2023-08-17T04:00,18.8,97,1016.4,90,38.1,19,0.0
2023-08-17T05:00,18.8,96,1015.9,90,37.5,18,0.0
2023-08-17T06:00,18.9,95,1015.5,23,36.6,17,0.0
2023-08-17T07:00,18.9,95,1015.2,20,33.3,16,0.0
2023-08-17T08:00,18.9,95,1015.2,14,30.7,16,0.0
2023-08-17T09:00,18.8,94,1015.3,8,28.0,13,0.0
2023-08-17T10:00,18.6,94,1015.4,13,26.9,12,0.0
2023-08-17T11:00,18.6,93,1015.7,14,27.6,12,0.0
2023-08-17T12:00,18.6,94,1015.5,0,25.5,16,0.0
2023-08-17T13:00,18.5,96,1015.6,9,25.5,16,0.0
2023-08-17T14:00,18.6,96,1015.1,1,28.6,21,0.0
2023-08-17T15:00,18.9,95,1014.0,0,30.3,25,0.0
2023-08-17T16:00,19.2,94,1012.8,0,29.8,27,0.0
2023-08-17T17:00,19.5,93,1011.7,2,28.8,28,0.0
2023-08-17T18:00,19.7,93,1011.0,0,30.1,29,0.0
2023-08-17T19:00,19.9,92,1010.6,0,33.0,28,0.0
2023-08-17T20:00,19.9,93,1010.5,1,34.8,28,0.0
2023-08-17T21:00,19.7,93,1010.5,4,33.0,27,0.0
2023-08-17T22:00,19.4,96,1010.7,5,32.2,24,0.0
2023-08-17T23:00,19.0,98,1011.1,75,30.0,24,0.0
2023-08-18T00:00,18.9,98,1010.8,98,25.1,24,0.0
2023-08-18T01:00,18.9,97,1011.0,37,24.4,22,0.0
2023-08-18T02:00,18.8,97,1010.7,73,26.8,24,0.0
2023-08-18T03:00,18.8,97,1010.6,85,24.0,13,0.0
2023-08-18T04:00,19.1,94,1010.1,15,21.0,12,0.0
2023-08-18T05:00,19.3,92,1009.7,5,19.9,13,0.0
2023-08-18T06:00,19.2,92,1009.0,4,20.6,12,0.0
2023-08-18T07:00,19.2,91,1008.3,15,20.8,10,0.0
2023-08-18T08:00,19.3,90,1008.0,14,22.0,11,0.0
2023-08-18T09:00,19.1,92,1007.9,19,24.4,13,0.0
2023-08-18T10:00,19.0,92,1008.0,63,26.6,16,0.0
2023-08-18T11:00,18.9,92,1008.1,34,28.9,14,0.0
2023-08-18T12:00,19.4,91,1007.4,25,27.5,11,0.0
2023-08-18T13:00,19.7,89,1007.1,18,28.2,14,0.0
2023-08-18T14:00,19.6,89,1006.1,6,34.0,20,0.0
2023-08-18T15:00,19.4,90,1005.4,1,35.3,27,0.0
2023-08-18T16:00,20.1,85,1003.9,0,36.9,27,0.0
2023-08-18T17:00,20.3,84,1002.7,11,37.5,28,0.0
2023-08-18T18:00,20.4,85,1002.3,29,37.4,29,0.0
2023-08-18T19:00,19.9,88,1002.0,83,34.3,33,0.0
2023-08-18T20:00,20.3,87,1002.4,100,28.9,19,0.0
2023-08-18T21:00,20.2,91,1003.7,100,12.1,333,0.0
2023-08-18T22:00,20.5,88,1004.9,99,15.3,223,0.2
2023-08-18T23:00,19.8,89,1005.4,100,18.6,190,1.4
2023-08-19T00:00,19.2,90,1007.5,100,29.0,203,1.4
2023-08-19T01:00,18.8,91,1008.0,100,27.7,198,3.0
2023-08-19T02:00,18.8,88,1007.9,100,33.8,194,2.8
2023-08-19T03:00,18.6,85,1007.9,100,33.2,201,1.1
2023-08-19T04:00,18.9,81,1007.0,100,28.1,201,0.7
2023-08-19T05:00,18.8,81,1007.3,100,24.1,202,0.0
2023-08-19T06:00,18.7,82,1007.3,100,24.8,206,0.0
2023-08-19T07:00,18.5,85,1008.2,100,21.6,208,0.0
2023-08-19T08:00,17.7,86,1009.0,100,47.2,214,0.1
2023-08-19T09:00,17.2,86,1009.6,99,44.1,205,0.0
2023-08-19T10:00,17.0,86,1010.4,100,39.5,208,0.0
2023-08-19T11:00,17.0,85,1011.2,44,35.9,208,0.0
2023-08-19T12:00,17.0,82,1011.1,73,44.5,205,0.0
2023-08-19T13:00,16.9,74,1011.9,100,47.2,207,0.0
2023-08-19T14:00,16.7,70,1012.9,100,44.6,211,0.0
2023-08-19T15:00,16.5,67,1013.0,93,38.7,213,0.0
2023-08-19T16:00,16.3,65,1012.4,97,36.6,205,0.0
2023-08-19T17:00,16.2,60,1011.5,59,28.8,193,0.0
2023-08-19T18:00,16.1,56,1011.1,8,20.9,184,0.0
2023-08-19T19:00,16.2,55,1011.0,0,16.0,171,0.0
2023-08-19T20:00,16.5,57,1011.1,7,13.6,169,0.0
2023-08-19T21:00,16.5,59,1011.8,2,7.3,160,0.0
2023-08-19T22:00,16.6,60,1012.5,0,6.2,159,0.0
2023-08-19T23:00,16.8,60,1013.2,1,4.7,148,0.0
2023-08-20T00:00,16.9,59,1013.2,7,9.4,83,0.0
2023-08-20T01:00,17.0,59,1012.9,1,13.5,56,0.0
2023-08-20T02:00,17.1,63,1013.1,2,18.4,40,0.0
2023-08-20T03:00,17.2,65,1013.1,5,21.5,38,0.0
2023-08-20T04:00,17.5,67,1012.4,1,27.5,37,0.0
2023-08-20T05:00,17.6,70,1011.9,1,30.7,31,0.0
2023-08-20T06:00,17.9,72,1011.2,0,33.6,23,0.0
2023-08-20T07:00,18.0,73,1010.7,1,31.1,16,0.0
2023-08-20T08:00,17.9,75,1010.1,1,29.9,9,0.0
2023-08-20T09:00,17.9,77,1009.9,2,30.7,10,0.0
2023-08-20T10:00,17.9,80,1010.2,1,32.8,9,0.0
2023-08-20T11:00,18.0,80,1010.6,3,33.8,7,0.0
2023-08-20T12:00,18.1,83,1011.1,7,28.9,5,0.0
2023-08-20T13:00,18.4,83,1011.7,3,19.7,9,0.0
2023-08-20T14:00,18.1,88,1011.4,24,22.9,26,0.0
2023-08-20T15:00,18.1,90,1011.3,49,20.8,30,0.0
2023-08-20T16:00,18.2,90,1010.3,97,21.6,30,0.0
2023-08-20T17:00,18.9,87,1009.0,98,21.9,27,0.0
2023-08-20T18:00,19.3,85,1008.6,74,23.7,26,0.0
2023-08-20T19:00,19.4,86,1007.9,59,24.2,30,0.0
2023-08-20T20:00,19.4,88,1008.2,100,31.4,28,0.0
2023-08-20T21:00,19.5,88,1007.9,100,33.5,28,0.0
2023-08-20T22:00,19.2,91,1008.3,61,32.0,26,0.0
2023-08-20T23:00,19.1,92,1009.2,68,23.0,20,0.0
2023-08-21T00:00,18.9,93,1010.3,36,8.8,35,0.0
2023-08-21T01:00,18.5,95,1010.5,98,6.4,106,0.0
2023-08-21T02:00,18.3,97,1010.6,100,5.8,90,0.0
2023-08-21T03:00,18.2,98,1010.7,100,9.2,206,0.0
2023-08-21T04:00,18.2,97,1010.4,100,13.0,199,0.0
2023-08-21T05:00,18.4,95,1011.0,100,15.9,198,0.0
2023-08-21T06:00,18.3,94,1010.6,93,8.4,200,0.0
2023-08-21T07:00,18.0,95,1010.2,44,9.5,245,0.0
2023-08-21T08:00,17.7,95,1010.3,9,17.0,253,0.0
2023-08-21T09:00,17.6,93,1010.8,3,16.4,251,0.0
2023-08-21T10:00,17.5,93,1011.2,1,14.3,260,0.0
2023-08-21T11:00,17.4,92,1011.8,1,10.1,264,0.0
2023-08-21T12:00,17.6,93,1012.5,1,8.7,253,0.0
2023-08-21T13:00,17.8,92,1012.6,0,7.4,241,0.0
2023-08-21T14:00,17.8,90,1012.7,0,7.4,209,0.0
2023-08-21T15:00,17.4,91,1012.9,4,11.9,178,0.0
2023-08-21T16:00,17.4,91,1012.4,24,16.0,172,0.0
2023-08-21T17:00,17.9,91,1011.1,3,16.0,149,0.0
2023-08-21T18:00,18.2,89,1010.4,2,15.9,128,0.0
2023-08-21T19:00,18.3,90,1010.5,4,10.2,82,0.0
2023-08-21T20:00,18.4,92,1010.6,6,12.5,44,0.0
2023-08-21T21:00,18.4,92,1011.2,1,12.3,38,0.0
2023-08-21T22:00,18.6,91,1011.7,2,15.1,40,0.0
2023-08-21T23:00,18.8,90,1011.8,1,21.0,35,0.0
2023-08-22T00:00,18.7,90,1011.9,1,16.7,25,0.0
2023-08-22T01:00,18.5,91,1012.0,5,17.4,24,0.0
2023-08-22T02:00,18.5,91,1012.0,7,20.3,23,0.0
2023-08-22T03:00,18.5,91,1011.7,0,25.3,24,0.0
2023-08-22T04:00,18.6,92,1011.6,82,28.4,24,0.0
2023-08-22T05:00,18.8,92,1011.0,9,34.0,27,0.0
2023-08-22T06:00,18.8,91,1010.2,18,36.4,27,0.0
2023-08-22T07:00,18.9,90,1009.5,5,39.6,26,0.0
2023-08-22T08:00,18.6,90,1008.8,13,43.0,26,0.0
2023-08-22T09:00,18.5,91,1008.5,12,45.8,24,0.0
2023-08-22T10:00,18.4,92,1008.2,100,47.9,23,0.0
2023-08-22T11:00,18.5,91,1008.2,100,48.5,24,0.0
2023-08-22T12:00,18.5,92,1009.0,100,45.4,24,0.0
2023-08-22T13:00,18.6,90,1008.7,100,45.4,25,0.0
2023-08-22T14:00,18.7,90,1007.2,100,47.3,25,0.0
2023-08-22T15:00,19.0,89,1006.1,94,48.8,27,0.0
2023-08-22T16:00,19.1,89,1004.3,58,49.6,29,0.0
2023-08-22T17:00,19.1,90,1002.9,100,49.3,25,0.0
2023-08-22T18:00,19.0,92,1002.4,100,47.8,24,0.0
2023-08-22T19:00,19.0,91,1001.7,99,48.2,17,0.0
2023-08-22T20:00,18.7,95,1002.6,100,37.6,9,0.0
2023-08-22T21:00,18.7,94,1001.1,97,43.4,20,0.0
2023-08-22T22:00,19.4,90,1001.2,97,38.9,16,0.0
2023-08-22T23:00,20.1,87,1001.1,95,38.2,4,0.0
2023-08-23T00:00,19.4,93,1000.8,93,30.8,6,0.0
2023-08-23T01:00,19.6,90,1001.3,31,21.2,345,0.0
2023-08-23T02:00,20.9,79,1001.7,17,11.7,317,0.0
2023-08-23T03:00,22.2,71,1001.9,49,9.6,13,0.0
2023-08-23T04:00,19.6,88,1002.1,100,13.3,38,0.0
2023-08-23T05:00,19.4,89,1002.2,100,11.5,39,0.0
2023-08-23T06:00,19.5,88,1002.7,88,7.4,61,0.0
2023-08-23T07:00,18.7,92,1003.3,98,15.5,118,0.0
2023-08-23T08:00,18.2,94,1003.3,67,5.5,148,0.0
2023-08-23T09:00,18.5,93,1002.7,31,11.7,81,0.0
2023-08-23T10:00,18.6,92,1002.1,98,20.8,64,0.0
2023-08-23T11:00,19.1,89,1002.2,99,24.1,52,0.0
2023-08-23T12:00,18.1,96,1004.1,100,29.8,25,0.0
2023-08-23T13:00,18.8,93,1003.2,64,39.6,28,0.0
2023-08-23T14:00,19.1,91,1002.6,64,44.6,26,0.0
2023-08-23T15:00,19.7,87,1001.4,74,48.0,20,0.0
2023-08-23T16:00,20.3,83,1000.1,92,45.8,23,0.0
2023-08-23T17:00,20.6,81,999.2,54,44.5,19,0.0
2023-08-23T18:00,20.8,79,998.2,73,46.1,21,0.0
2023-08-23T19:00,20.6,81,998.5,99,43.2,16,0.0
2023-08-23T20:00,20.9,81,998.6,85,36.9,10,0.0
2023-08-23T21:00,20.3,89,1000.5,38,25.6,253,0.0
2023-08-23T22:00,18.5,94,1000.8,73,18.1,239,0.0
2023-08-23T23:00,18.5,94,1001.3,79,19.5,247,0.0
2023-08-24T00:00,18.1,93,1004.6,59,26.8,239,0.0
2023-08-24T01:00,17.9,94,1005.1,46,24.2,245,0.0
2023-08-24T02:00,17.5,96,1005.3,97,25.5,225,0.0
2023-08-24T03:00,17.3,96,1005.5,95,26.2,217,0.0
2023-08-24T04:00,17.7,92,1005.6,100,25.1,218,2.5
2023-08-24T05:00,18.0,91,1006.9,98,29.2,235,12.6
2023-08-24T06:00,17.8,92,1005.9,55,21.6,217,13.5
2023-08-24T07:00,17.9,93,1006.2,43,27.0,217,0.0
2023-08-24T08:00,17.8,94,1005.4,100,20.9,221,0.0
2023-08-24T09:00,17.9,93,1006.6,100,23.8,218,0.0
2023-08-24T10:00,18.0,93,1008.3,100,27.2,227,0.0
2023-08-24T11:00,18.1,92,1009.2,85,27.1,203,3.1
2023-08-24T12:00,18.1,91,1010.3,100,38.5,208,0.2
2023-08-24T13:00,17.9,89,1011.0,99,35.6,207,0.1
2023-08-24T14:00,17.5,90,1010.9,75,35.8,209,0.0
2023-08-24T15:00,17.5,87,1011.1,96,37.4,206,0.0
2023-08-24T16:00,17.0,88,1010.2,76,37.2,210,0.0
2023-08-24T17:00,16.7,88,1009.8,100,33.9,215,0.0
2023-08-24T18:00,16.8,86,1011.3,100,40.1,220,3.7
2023-08-24T19:00,16.6,84,1011.3,100,42.9,213,3.6
2023-08-24T20:00,16.5,85,1012.4,98,42.2,210,1.5
2023-08-24T21:00,16.0,77,1013.4,100,37.5,207,0.2
2023-08-24T22:00,15.9,72,1014.1,100,31.1,223,0.0
2023-08-24T23:00,15.2,72,1014.7,100,29.7,239,0.0
2023-08-25T00:00,14.2,83,1015.3,100,28.9,256,0.0
2023-08-25T01:00,14.5,79,1015.3,100,29.6,260,0.1
2023-08-25T02:00,14.9,75,1015.5,43,30.9,249,0.0
2023-08-25T03:00,14.9,78,1015.7,13,31.5,248,0.0
2023-08-25T04:00,14.9,82,1015.8,13,34.2,240,0.0
2023-08-25T05:00,14.9,85,1015.3,3,31.9,242,0.0
2023-08-25T06:00,14.7,85,1015.2,3,32.2,243,0.0
2023-08-25T07:00,14.8,84,1014.9,7,28.7,243,0.0
2023-08-25T08:00,14.7,83,1015.0,2,28.8,242,0.0
2023-08-25T09:00,14.6,84,1015.4,3,28.8,246,0.0
2023-08-25T10:00,14.6,84,1016.4,2,30.4,243,0.0
2023-08-25T11:00,14.7,84,1017.0,2,30.9,242,0.0
2023-08-25T12:00,15.8,79,1017.9,8,32.8,225,0.0
2023-08-25T13:00,16.4,71,1018.1,72,33.9,214,0.0
2023-08-25T14:00,16.2,70,1018.1,53,34.9,211,0.0
2023-08-25T15:00,16.4,65,1018.2,44,33.8,211,0.0
2023-08-25T16:00,16.5,62,1017.2,29,30.8,203,0.0
2023-08-25T17:00,16.5,59,1016.5,37,28.1,196,0.0
2023-08-25T18:00,16.5,59,1016.3,30,27.6,202,0.0
2023-08-25T19:00,16.5,60,1016.4,17,29.4,202,0.0
2023-08-25T20:00,16.3,61,1017.2,10,30.6,205,0.0
2023-08-25T21:00,16.0,63,1018.1,7,30.8,204,0.0
2023-08-25T22:00,15.9,62,1018.8,0,30.9,201,0.0
2023-08-25T23:00,15.9,60,1019.5,0,32.6,202,0.0
2023-08-26T00:00,15.8,54,1020.1,0,29.9,214,0.0
2023-08-26T01:00,15.4,54,1020.4,0,29.8,227,0.0
2023-08-26T02:00,14.5,65,1020.3,0,29.6,238,0.0
2023-08-26T03:00,13.9,67,1020.2,0,29.4,251,0.0
2023-08-26T04:00,13.8,63,1020.1,0,29.8,252,0.0
2023-08-26T05:00,13.9,60,1019.9,0,28.4,248,0.0
2023-08-26T06:00,14.1,59,1019.5,0,27.9,243,0.0
2023-08-26T07:00,14.1,58,1019.3,0,28.2,242,0.0
2023-08-26T08:00,14.2,56,1019.7,0,27.4,243,0.0
2023-08-26T09:00,14.4,56,1020.4,7,25.3,242,0.0
2023-08-26T10:00,14.5,57,1020.7,28,23.7,246,0.0
2023-08-26T11:00,14.6,56,1021.2,13,25.3,255,0.0
2023-08-26T12:00,14.6,61,1022.4,1,25.3,244,0.0
2023-08-26T13:00,15.1,55,1022.2,0,26.0,227,0.0
2023-08-26T14:00,15.2,53,1022.2,1,24.7,217,0.0
2023-08-26T15:00,15.3,52,1022.0,0,24.1,219,0.0
2023-08-26T16:00,15.3,52,1020.9,0,27.7,210,0.0
2023-08-26T17:00,15.1,57,1020.0,2,30.9,205,0.0
2023-08-26T18:00,14.9,67,1020.2,3,34.4,201,0.0
2023-08-26T19:00,15.0,66,1020.2,12,37.7,193,0.0
2023-08-26T20:00,14.9,67,1021.0,17,39.4,196,0.0
2023-08-26T21:00,14.8,67,1021.7,75,40.4,199,0.0
2023-08-26T22:00,14.9,63,1022.4,93,39.8,201,0.0
2023-08-26T23:00,14.9,60,1022.9,100,38.9,202,0.0
2023-08-27T00:00,14.1,67,1024.1,38,39.5,204,0.0
2023-08-27T01:00,13.9,66,1024.1,30,39.3,205,0.0
2023-08-27T02:00,13.8,66,1024.2,38,36.2,208,0.0
2023-08-27T03:00,13.6,68,1024.1,24,33.8,211,0.0
2023-08-27T04:00,13.6,65,1024.1,14,32.4,215,0.0
2023-08-27T05:00,13.3,66,1023.8,26,30.5,218,0.0
2023-08-27T06:00,13.1,66,1023.2,13,28.3,222,0.0
2023-08-27T07:00,12.9,68,1023.2,24,28.0,224,0.0
2023-08-27T08:00,12.9,70,1023.6,32,28.3,227,0.0
2023-08-27T09:00,12.5,73,1024.6,32,26.6,237,0.0
2023-08-27T10:00,12.1,76,1024.9,18,25.8,242,0.0
2023-08-27T11:00,12.4,74,1025.5,28,26.3,234,0.0
2023-08-27T12:00,12.2,73,1026.8,6,27.9,245,0.0
2023-08-27T13:00,12.8,69,1026.6,64,30.4,230,0.0
2023-08-27T14:00,13.1,63,1026.8,39,32.2,220,0.0
2023-08-27T15:00,13.4,61,1026.4,44,32.4,217,0.0
2023-08-27T16:00,13.6,60,1025.6,60,32.9,214,0.0
2023-08-27T17:00,13.8,60,1024.8,0,34.0,208,0.0
2023-08-27T18:00,13.8,61,1024.4,0,33.7,205,0.0
2023-08-27T19:00,13.9,60,1024.6,0,32.6,202,0.0
2023-08-27T20:00,13.9,60,1024.8,0,32.3,199,0.0
2023-08-27T21:00,14.0,59,1025.3,0,31.0,200,0.0
2023-08-27T22:00,14.1,58,1025.8,1,28.9,203,0.0
2023-08-27T23:00,14.1,58,1026.2,6,28.3,206,0.0
2023-08-28T00:00,14.0,62,1026.5,4,27.7,208,0.0
2023-08-28T01:00,14.1,59,1026.6,24,27.5,214,0.0
2023-08-28T02:00,14.0,61,1026.7,8,26.7,227,0.0
2023-08-28T03:00,13.4,68,1026.5,0,26.3,247,0.0
2023-08-28T04:00,12.9,72,1026.2,3,26.6,251,0.0
2023-08-28T05:00,12.8,71,1025.7,2,27.1,241,0.0
2023-08-28T06:00,12.6,73,1025.4,3,26.3,237,0.0
2023-08-28T07:00,12.4,77,1024.9,1,26.1,240,0.0
2023-08-28T08:00,12.1,79,1025.2,1,26.8,246,0.0
2023-08-28T09:00,11.9,80,1025.8,5,27.7,252,0.0
2023-08-28T10:00,11.6,81,1026.4,5,28.7,258,0.0
2023-08-28T11:00,11.6,79,1026.9,3,27.6,263,0.0
2023-08-28T12:00,12.4,74,1027.5,1,23.6,251,0.0
2023-08-28T13:00,12.9,72,1027.7,0,24.0,242,0.0
2023-08-28T14:00,13.4,72,1027.4,0,24.0,229,0.0
2023-08-28T15:00,13.5,73,1026.8,0,23.7,222,0.0
2023-08-28T16:00,13.5,74,1025.9,1,22.9,213,0.0
2023-08-28T17:00,13.5,75,1025.2,0,19.9,200,0.0
2023-08-28T18:00,13.9,74,1024.7,26,17.4,187,0.0
2023-08-28T19:00,14.2,76,1024.3,2,19.8,168,0.0
2023-08-28T20:00,14.7,73,1024.6,13,17.1,152,0.0
2023-08-28T21:00,15.1,71,1024.8,10,14.9,143,0.0
2023-08-28T22:00,15.3,68,1025.2,8,10.7,140,0.0
2023-08-28T23:00,15.6,64,1025.5,9,7.2,117,0.0
2023-08-29T00:00,14.4,76,1026.2,3,5.2,164,0.0
2023-08-29T01:00,14.5,75,1026.0,41,1.9,158,0.0
2023-08-29T02:00,14.6,74,1025.7,2,1.5,135,0.0
2023-08-29T03:00,14.7,74,1025.6,7,4.7,4,0.0
2023-08-29T04:00,14.9,74,1025.5,6,9.4,337,0.0
2023-08-29T05:00,14.6,76,1024.8,0,9.4,320,0.0
2023-08-29T06:00,14.5,76,1024.3,1,6.7,306,0.0
2023-08-29T07:00,14.6,75,1024.1,13,4.1,308,0.0
2023-08-29T08:00,14.6,75,1024.2,6,0.5,315,0.0
2023-08-29T09:00,14.7,73,1024.8,27,2.8,310,0.0
2023-08-29T10:00,14.5,79,1025.6,31,5.5,281,0.0
2023-08-29T11:00,13.9,88,1026.3,34,8.7,265,0.0
2023-08-29T12:00,12.6,96,1026.3,22,8.0,262,0.0
2023-08-29T13:00,13.0,92,1026.1,16,5.6,243,0.0
2023-08-29T14:00,13.6,87,1025.7,19,2.8,230,0.0
2023-08-29T15:00,14.0,83,1025.3,65,1.1,108,0.0
2023-08-29T16:00,14.6,84,1024.2,63,8.8,78,0.0
2023-08-29T17:00,15.5,85,1023.1,55,15.6,67,0.0
2023-08-29T18:00,16.2,79,1022.5,28,18.8,58,0.0
2023-08-29T19:00,16.5,79,1022.1,12,19.2,50,0.0
2023-08-29T20:00,16.5,80,1022.1,1,19.4,43,0.0
2023-08-29T21:00,16.4,82,1022.2,2,18.6,32,0.0
2023-08-29T22:00,16.2,85,1022.3,20,17.8,21,0.0
2023-08-29T23:00,16.5,84,1022.5,22,18.0,12,0.0
2023-08-30T00:00,17.5,84,1022.4,9,22.2,36,0.0
2023-08-30T01:00,17.3,86,1022.3,48,24.1,35,0.0
2023-08-30T02:00,16.9,89,1022.2,30,22.3,23,0.0
2023-08-30T03:00,16.6,91,1021.7,59,19.7,21,0.1
2023-08-30T04:00,16.5,92,1020.9,62,16.4,33,0.0
2023-08-30T05:00,16.5,93,1020.1,84,15.0,48,0.0
2023-08-30T06:00,16.5,93,1019.5,32,13.8,62,0.0
2023-08-30T07:00,16.5,93,1019.2,10,14.2,66,0.0
2023-08-30T08:00,16.5,93,1019.0,0,15.3,71,0.0
2023-08-30T09:00,16.4,94,1018.9,4,14.4,68,0.0
2023-08-30T10:00,16.5,93,1019.2,8,12.8,58,0.0
2023-08-30T11:00,16.6,93,1019.7,21,8.9,40,0.0
2023-08-30T12:00,16.8,93,1020.1,31,6.4,27,0.0
2023-08-30T13:00,16.9,93,1020.1,100,6.9,9,0.0
2023-08-30T14:00,16.9,93,1019.7,97,8.5,28,0.0
2023-08-30T15:00,16.9,94,1019.2,61,9.2,31,0.0
2023-08-30T16:00,17.0,94,1018.4,1,9.8,36,0.0
2023-08-30T17:00,17.0,94,1017.6,1,10.0,41,0.0
2023-08-30T18:00,17.1,94,1017.1,1,13.3,49,0.0
2023-08-30T19:00,17.4,93,1017.0,2,16.1,40,0.0
2023-08-30T20:00,17.4,93,1017.2,5,16.7,33,0.0
2023-08-30T21:00,17.4,94,1017.4,3,18.1,35,0.0
2023-08-30T22:00,17.3,94,1017.7,5,18.8,29,0.0
2023-08-30T23:00,17.4,94,1018.4,3,20.0,23,0.0
2023-08-31T00:00,17.5,92,1018.2,13,20.8,26,0.0
2023-08-31T01:00,17.5,91,1018.2,0,22.5,22,0.0
2023-08-31T02:00,17.6,91,1018.2,0,24.4,22,0.0
2023-08-31T03:00,17.8,90,1018.1,0,27.1,22,0.0
2023-08-31T04:00,18.0,88,1017.9,0,28.3,22,0.0
2023-08-31T05:00,18.0,88,1017.6,0,29.3,21,0.0
2023-08-31T06:00,17.9,87,1017.2,0,27.8,19,0.0
2023-08-31T07:00,17.8,88,1017.3,0,25.0,18,0.0
2023-08-31T08:00,17.5,89,1017.6,0,21.3,16,0.0
2023-08-31T09:00,17.2,90,1018.0,0,17.3,12,0.0
2023-08-31T10:00,17.0,90,1018.4,0,16.6,13,0.0
2023-08-31T11:00,16.9,90,1019.1,0,14.0,360,0.0
2023-08-31T12:00,17.1,87,1019.5,0,6.1,310,0.0
2023-08-31T13:00,17.2,89,1019.6,0,3.6,315,0.0
2023-08-31T14:00,17.3,85,1019.6,0,2.1,59,0.0
2023-08-31T15:00,16.7,91,1019.3,0,8.0,85,0.0
2023-08-31T16:00,16.6,95,1018.6,0,10.0,64,0.0
2023-08-31T17:00,16.6,98,1017.8,9,9.4,50,0.0
2023-08-31T18:00,16.8,97,1017.6,20,9.1,34,0.0
2023-08-31T19:00,16.9,98,1017.7,27,8.0,36,0.0
2023-08-31T20:00,17.0,97,1017.8,50,10.2,45,0.0
2023-08-31T21:00,16.6,97,1017.9,100,12.7,35,0.0
2023-08-31T22:00,16.4,97,1018.4,100,14.0,18,0.0
2023-08-31T23:00,16.1,98,1019.2,100,9.5,25,0.0
2023-09-01T00:00,16.5,95,1020.3,97,3.8,17,0.0
2023-09-01T01:00,16.4,95,1020.3,76,5.3,28,0.0
2023-09-01T02:00,16.2,96,1020.2,80,8.4,10,0.0
2023-09-01T03:00,16.0,96,1020.2,88,5.8,7,0.0
2023-09-01T04:00,15.9,95,1020.1,86,1.3,124,0.0
2023-09-01T05:00,15.6,97,1019.5,84,4.5,119,0.0
2023-09-01T06:00,15.4,98,1019.2,91,7.5,35,0.0
2023-09-01T07:00,15.4,97,1018.8,100,9.7,22,0.0
2023-09-01T08:00,15.2,96,1018.6,100,11.3,17,0.0
2023-09-01T09:00,15.2,96,1018.8,100,13.2,17,0.0
2023-09-01T10:00,14.6,99,1019.1,100,16.9,27,0.0
2023-09-01T11:00,14.8,99,1019.6,100,20.8,28,0.0
2023-09-01T12:00,16.2,94,1020.5,99,25.0,30,0.0
2023-09-01T13:00,16.5,97,1020.4,82,27.0,34,0.0
2023-09-01T14:00,17.1,93,1020.0,99,26.3,36,0.0
2023-09-01T15:00,17.2,94,1019.8,100,27.4,39,0.0
2023-09-01T16:00,17.5,92,1018.9,100,29.5,45,0.0
2023-09-01T17:00,18.1,88,1018.0,100,30.3,46,0.0
2023-09-01T18:00,18.4,86,1016.9,100,33.0,51,0.0
2023-09-01T19:00,18.2,88,1016.3,100,35.6,54,0.0
2023-09-01T20:00,18.2,90,1016.3,100,35.7,47,0.0
2023-09-01T21:00,18.1,92,1016.8,100,36.9,39,0.0
2023-09-01T22:00,18.1,92,1016.8,100,39.1,34,0.0
2023-09-01T23:00,18.0,94,1016.6,100,39.3,32,0.0
2023-09-02T00:00,18.0,94,1016.7,100,38.2,28,0.0
2023-09-02T01:00,18.0,94,1016.9,100,42.5,18,0.0
2023-09-02T02:00,18.2,94,1016.5,100,41.1,20,0.0
2023-09-02T03:00,18.1,94,1016.0,100,41.6,22,0.0
2023-09-02T04:00,18.1,93,1015.2,100,44.1,22,0.0
2023-09-02T05:00,18.2,91,1015.4,100,42.9,21,0.0
2023-09-02T06:00,18.4,90,1015.4,100,35.8,17,0.0
2023-09-02T07:00,18.4,88,1015.3,100,36.4,14,0.0
2023-09-02T08:00,18.5,86,1014.7,100,35.7,12,0.0
2023-09-02T09:00,18.6,85,1015.0,100,34.7,10,0.0
2023-09-02T10:00,18.9,84,1015.4,100,35.3,12,0.0
2023-09-02T11:00,18.8,87,1015.4,100,38.3,20,0.0
2023-09-02T12:00,18.5,92,1015.9,100,30.1,17,0.4
2023-09-02T13:00,18.1,94,1015.6,100,27.1,23,1.7
2023-09-02T14:00,18.0,96,1013.7,100,36.7,42,2.3
2023-09-02T15:00,18.2,95,1012.7,100,38.5,35,0.6
2023-09-02T16:00,18.3,93,1012.4,100,37.2,23,2.3
2023-09-02T17:00,18.5,92,1012.1,92,32.3,31,2.3
2023-09-02T18:00,18.3,94,1011.0,100,38.6,37,0.0
2023-09-02T19:00,18.8,91,1010.5,96,39.8,27,0.0
2023-09-02T20:00,18.9,90,1010.4,100,41.2,27,0.0
2023-09-02T21:00,18.7,90,1010.5,100,39.6,27,0.0
2023-09-02T22:00,18.6,90,1010.8,100,39.1,24,0.0
2023-09-02T23:00,18.5,91,1011.1,100,36.2,22,0.0
2023-09-03T00:00,18.4,93,1011.4,92,19.5,2,0.0
2023-09-03T01:00,18.2,94,1011.4,96,15.3,19,0.0
2023-09-03T02:00,18.1,94,1011.1,0,18.8,20,0.0
2023-09-03T03:00,18.0,94,1011.1,2,19.1,12,0.0
2023-09-03T04:00,18.0,93,1010.9,7,14.6,10,0.0
2023-09-03T05:00,18.0,93,1010.8,8,16.8,28,0.0
2023-09-03T06:00,18.0,93,1010.9,10,18.0,33,0.0
2023-09-03T07:00,18.4,92,1010.8,85,21.7,32,0.0
2023-09-03T08:00,18.5,91,1010.7,71,20.3,30,0.0
2023-09-03T09:00,18.4,91,1011.1,99,15.0,24,0.0
2023-09-03T10:00,17.9,93,1011.1,100,12.3,15,0.0
2023-09-03T11:00,17.5,95,1011.7,100,9.9,341,0.0
2023-09-03T12:00,17.0,96,1011.7,100,2.5,278,0.0
2023-09-03T13:00,17.2,96,1012.0,100,3.3,229,0.0
2023-09-03T14:00,17.5,94,1013.3,100,6.7,254,5.2
2023-09-03T15:00,17.4,95,1011.8,100,9.8,6,0.2
2023-09-03T16:00,17.5,95,1011.0,100,16.2,356,0.0
2023-09-03T17:00,18.0,93,1010.4,100,15.3,15,0.0
2023-09-03T18:00,17.9,96,1009.9,100,18.4,28,0.1
2023-09-03T19:00,18.4,94,1009.8,100,15.1,57,0.4
2023-09-03T20:00,19.1,92,1009.4,100,32.6,31,0.4
2023-09-03T21:00,19.3,91,1009.5,99,30.6,25,0.0
2023-09-03T22:00,19.2,90,1009.8,95,37.2,32,0.1
2023-09-03T23:00,19.3,90,1009.2,75,42.8,39,0.0
2023-09-04T00:00,18.5,95,1012.1,100,30.0,23,0.0
2023-09-04T01:00,18.8,93,1011.3,100,34.8,21,0.0
2023-09-04T02:00,18.9,94,1011.3,100,37.6,20,0.0
2023-09-04T03:00,19.2,93,1010.7,100,40.8,22,0.0
2023-09-04T04:00,19.6,91,1010.5,100,43.0,22,0.0
2023-09-04T05:00,19.8,91,1009.9,100,46.1,21,0.0
2023-09-04T06:00,19.9,90,1009.4,100,42.8,17,0.0
2023-09-04T07:00,20.0,89,1009.0,100,33.3,10,0.0
2023-09-04T08:00,19.9,90,1008.1,100,27.7,16,0.0
2023-09-04T09:00,20.2,88,1007.9,100,36.7,28,0.0
2023-09-04T10:00,20.1,89,1007.8,100,41.6,25,0.0
2023-09-04T11:00,20.0,90,1008.3,100,39.2,20,0.0
2023-09-04T12:00,18.9,96,1008.6,100,38.0,35,0.0
2023-09-04T13:00,18.8,97,1008.1,100,37.2,36,0.0
2023-09-04T14:00,19.0,96,1007.1,100,38.5,28,0.0
2023-09-04T15:00,19.2,95,1005.9,100,39.0,24,0.0
2023-09-04T16:00,19.7,93,1004.5,100,39.1,20,0.0
2023-09-04T17:00,19.9,93,1003.7,100,43.0,14,0.0
2023-09-04T18:00,19.9,93,1004.0,100,40.5,12,0.2
2023-09-04T19:00,20.1,93,1004.0,100,32.7,14,0.0
2023-09-04T20:00,21.3,90,1004.3,100,31.5,14,0.0
2023-09-04T21:00,20.9,91,1003.9,100,36.6,17,0.0
2023-09-04T22:00,20.9,91,1003.8,100,43.1,10,0.0
2023-09-04T23:00,21.5,89,1004.1,100,43.5,6,0.0
2023-09-05T00:00,17.3,94,1007.5,100,29.5,224,0.1
2023-09-05T01:00,17.0,95,1007.3,100,29.8,223,0.2
2023-09-05T02:00,16.9,96,1007.8,100,27.6,229,0.0
2023-09-05T03:00,17.2,94,1008.7,100,36.3,233,0.0
2023-09-05T04:00,17.5,93,1009.8,100,38.0,227,0.0
2023-09-05T05:00,17.9,90,1011.1,100,54.0,226,0.6
2023-09-05T06:00,17.5,87,1012.3,100,61.1,230,0.3
2023-09-05T07:00,17.2,88,1013.8,100,56.2,229,0.2
2023-09-05T08:00,17.0,87,1015.1,100,54.9,229,0.1
2023-09-05T09:00,16.9,86,1016.8,96,51.8,229,0.0
2023-09-05T10:00,16.8,85,1018.3,94,51.2,226,0.0
2023-09-05T11:00,16.9,84,1019.9,100,51.0,222,0.0
2023-09-05T12:00,17.0,85,1021.3,100,45.6,222,0.0
2023-09-05T13:00,16.8,85,1022.2,98,46.7,220,0.0
2023-09-05T14:00,16.6,83,1022.7,84,45.3,220,0.0
2023-09-05T15:00,16.6,82,1023.5,99,42.2,217,0.0
2023-09-05T16:00,16.6,81,1023.6,100,40.0,210,0.0
2023-09-05T17:00,16.5,80,1023.4,99,42.7,202,0.0
2023-09-05T18:00,16.6,78,1023.5,100,42.9,199,0.0
2023-09-05T19:00,16.6,76,1023.8,38,43.2,196,0.0
2023-09-05T20:00,16.5,77,1024.8,17,42.1,197,0.0
2023-09-05T21:00,16.4,75,1025.4,1,38.7,198,0.0
2023-09-05T22:00,16.3,74,1026.2,0,37.0,201,0.0
2023-09-05T23:00,16.4,73,1026.8,1,33.8,204,0.0
2023-09-06T00:00,16.4,71,1027.3,1,35.3,206,0.0
2023-09-06T01:00,16.4,70,1027.7,58,30.6,208,0.0
2023-09-06T02:00,16.4,68,1028.1,100,26.4,215,0.0
2023-09-06T03:00,16.2,69,1028.2,98,24.2,226,0.0
2023-09-06T04:00,15.7,72,1028.0,100,24.7,233,0.0
2023-09-06T05:00,15.4,76,1027.8,96,24.9,236,0.0
2023-09-06T06:00,14.9,80,1027.4,99,24.8,242,0.0
2023-09-06T07:00,14.6,81,1026.9,85,25.1,245,0.0
2023-09-06T08:00,14.4,80,1027.3,81,23.9,247,0.0
2023-09-06T09:00,14.2,79,1027.8,97,21.5,256,0.0
2023-09-06T10:00,14.3,78,1028.2,84,19.6,263,0.0
2023-09-06T11:00,14.6,75,1028.8,50,19.8,267,0.0
2023-09-06T12:00,14.6,76,1029.7,41,18.4,271,0.0
2023-09-06T13:00,15.1,76,1030.1,99,15.7,261,0.0
2023-09-06T14:00,15.7,74,1029.9,100,8.7,240,0.0
2023-09-06T15:00,15.9,75,1029.5,100,3.7,209,0.0
2023-09-06T16:00,15.9,76,1028.9,100,2.3,129,0.0
2023-09-06T17:00,15.9,79,1027.7,65,4.7,90,0.0
2023-09-06T18:00,16.0,81,1027.2,55,8.3,92,0.0
2023-09-06T19:00,16.6,81,1026.9,96,10.4,76,0.0
2023-09-06T20:00,17.1,82,1027.0,100,14.0,67,0.0
2023-09-06T21:00,17.4,84,1026.6,100,13.9,59,0.0
2023-09-06T22:00,17.7,84,1026.8,100,18.6,43,0.0
2023-09-06T23:00,17.9,82,1027.0,100,21.2,40,0.0
2023-09-07T00:00,17.6,84,1028.1,100,18.7,30,0.0
2023-09-07T01:00,18.0,81,1028.1,100,24.0,43,0.0
2023-09-07T02:00,18.3,77,1028.0,100,32.6,49,0.0
2023-09-07T03:00,18.4,76,1027.2,100,36.0,49,0.0
2023-09-07T04:00,18.3,76,1026.7,100,36.2,47,0.0
2023-09-07T05:00,18.2,78,1025.6,100,39.5,42,0.0
2023-09-07T06:00,18.2,79,1024.8,100,41.4,37,0.0
2023-09-07T07:00,18.2,79,1024.2,100,40.3,36,0.0
2023-09-07T08:00,18.3,79,1023.9,100,40.3,38,0.0
2023-09-07T09:00,18.4,79,1023.9,100,38.9,39,0.0
2023-09-07T10:00,18.4,80,1024.0,100,39.8,35,0.0
2023-09-07T11:00,18.4,82,1024.1,97,42.5,32,0.0
2023-09-07T12:00,18.5,83,1025.2,88,42.7,33,0.0
2023-09-07T13:00,18.5,84,1024.7,57,43.0,34,0.0
2023-09-07T14:00,18.5,84,1024.1,73,42.6,35,0.0
2023-09-07T15:00,18.7,83,1023.1,35,46.0,37,0.0
2023-09-07T16:00,18.7,84,1022.2,32,46.6,37,0.0
2023-09-07T17:00,18.7,85,1021.2,58,47.2,35,0.0
2023-09-07T18:00,18.8,84,1020.5,38,48.0,36,0.0
2023-09-07T19:00,18.9,84,1020.4,38,48.5,36,0.0
2023-09-07T20:00,18.9,85,1020.1,84,49.5,36,0.0
2023-09-07T21:00,18.9,85,1019.8,100,49.1,35,0.0
2023-09-07T22:00,18.9,85,1020.2,99,47.7,32,0.0
2023-09-07T23:00,18.9,86,1020.4,99,46.1,33,0.0
2023-09-08T00:00,18.6,88,1018.8,100,48.8,28,0.0
2023-09-08T01:00,18.6,88,1018.6,100,49.5,29,0.0
2023-09-08T02:00,18.6,89,1018.4,100,49.0,28,0.0
2023-09-08T03:00,18.8,89,1017.6,100,53.5,25,0.0
2023-09-08T04:00,18.7,90,1016.5,100,55.0,23,0.0
2023-09-08T05:00,18.8,90,1015.7,83,55.2,20,0.0
2023-09-08T06:00,18.8,91,1015.2,100,54.5,19,0.0
2023-09-08T07:00,18.9,91,1015.0,100,50.1,18,0.0
2023-09-08T08:00,18.9,92,1015.8,100,43.6,18,0.0
2023-09-08T09:00,18.9,92,1015.7,100,44.6,24,0.0
2023-09-08T10:00,19.0,92,1016.2,100,42.1,23,0.0
2023-09-08T11:00,19.0,92,1016.7,100,42.7,22,0.0
2023-09-08T12:00,18.8,91,1016.3,99,35.5,13,0.0
2023-09-08T13:00,18.8,91,1016.1,74,26.9,8,0.0
2023-09-08T14:00,18.9,91,1015.4,93,31.5,16,0.0
2023-09-08T15:00,19.2,89,1014.2,100,38.3,12,0.0
2023-09-08T16:00,19.5,88,1013.8,100,34.7,13,0.2
2023-09-08T17:00,19.2,90,1013.1,100,32.9,6,0.1
2023-09-08T18:00,19.0,92,1012.8,100,29.0,11,0.2
2023-09-08T19:00,18.7,93,1013.1,100,25.1,7,0.0
2023-09-08T20:00,18.9,93,1013.1,100,19.5,358,0.0
2023-09-08T21:00,18.9,94,1013.6,100,15.8,1,0.1
2023-09-08T22:00,18.9,95,1014.1,100,13.0,355,0.1
2023-09-08T23:00,18.9,95,1014.7,100,10.0,319,0.2
2023-09-09T00:00,18.4,93,1015.7,100,18.1,227,0.4
2023-09-09T01:00,18.1,94,1016.4,100,21.9,237,0.6
2023-09-09T02:00,18.0,94,1016.1,100,20.3,233,0.3
2023-09-09T03:00,18.0,94,1016.1,100,18.4,242,0.0
2023-09-09T04:00,18.0,94,1015.4,100,17.8,252,0.0
2023-09-09T05:00,18.1,93,1014.9,100,16.4,255,0.0
2023-09-09T06:00,18.1,93,1014.4,100,13.7,247,0.0
2023-09-09T07:00,17.9,94,1014.0,100,12.0,224,0.0
2023-09-09T08:00,17.6,95,1014.0,100,13.7,198,0.0
2023-09-09T09:00,17.6,96,1014.9,100,17.5,194,0.0
2023-09-09T10:00,17.8,95,1015.6,100,14.8,186,0.0
2023-09-09T11:00,17.7,95,1016.5,100,13.4,186,0.0
2023-09-09T12:00,17.5,97,1017.3,100,13.7,215,0.0
2023-09-09T13:00,17.5,97,1017.5,100,17.8,225,0.0
2023-09-09T14:00,17.5,97,1017.0,100,15.3,221,0.9
2023-09-09T15:00,17.5,96,1017.0,100,19.1,226,1.0
2023-09-09T16:00,17.4,95,1016.5,100,18.8,212,0.0
2023-09-09T17:00,17.5,93,1015.8,100,16.1,209,0.0
2023-09-09T18:00,17.4,94,1015.9,100,22.3,198,0.0
2023-09-09T19:00,17.5,93,1016.2,100,24.4,202,0.0
2023-09-09T20:00,17.8,93,1016.9,100,22.4,204,0.0
2023-09-09T21:00,17.9,93,1017.5,100,22.3,203,0.0
2023-09-09T22:00,17.8,94,1018.5,100,19.6,212,0.0
2023-09-09T23:00,17.9,94,1019.4,100,18.9,230,0.1
2023-09-10T00:00,17.6,93,1020.1,100,22.7,229,0.3
2023-09-10T01:00,17.6,94,1020.5,100,20.9,226,0.1
2023-09-10T02:00,17.6,94,1020.6,100,16.8,223,0.1
2023-09-10T03:00,17.6,93,1020.2,100,19.2,220,0.0
2023-09-10T04:00,17.5,92,1020.1,100,17.1,222,0.0
2023-09-10T05:00,17.5,90,1020.1,94,17.3,225,0.0
2023-09-10T06:00,17.5,89,1019.9,86,14.5,222,0.0
2023-09-10T07:00,17.4,89,1019.6,88,14.0,215,0.0
2023-09-10T08:00,17.2,90,1019.9,100,12.8,232,0.0
2023-09-10T09:00,17.0,91,1020.4,100,13.7,240,0.0
2023-09-10T10:00,17.0,91,1021.1,99,12.3,232,0.0
2023-09-10T11:00,17.0,91,1022.0,100,10.3,241,0.0
2023-09-10T12:00,16.9,91,1022.2,100,10.4,270,0.0
2023-09-10T13:00,17.0,91,1022.5,100,9.4,272,0.0
2023-09-10T14:00,17.0,91,1022.7,100,5.8,277,0.1
2023-09-10T15:00,16.8,93,1021.8,93,4.3,355,0.1
2023-09-10T16:00,17.0,93,1021.1,21,8.1,21,0.0
2023-09-10T17:00,17.5,92,1020.4,1,12.2,34,0.0
2023-09-10T18:00,17.9,92,1019.0,3,19.9,42,0.0
2023-09-10T19:00,18.1,94,1018.6,1,27.6,41,0.0
2023-09-10T20:00,18.5,92,1018.3,9,34.1,36,0.0
2023-09-10T21:00,18.7,92,1017.9,90,37.6,34,0.0
2023-09-10T22:00,18.8,92,1018.8,85,35.0,34,0.0
2023-09-10T23:00,18.7,93,1018.4,94,40.6,32,0.0
2023-09-11T00:00,18.9,92,1018.9,19,38.0,26,0.0
2023-09-11T01:00,18.9,92,1018.5,14,37.2,23,0.0
2023-09-11T02:00,19.0,91,1018.0,2,39.6,22,0.0
2023-09-11T03:00,19.0,91,1017.2,2,41.2,22,0.0
2023-09-11T04:00,19.1,89,1016.6,1,40.6,21,0.0
2023-09-11T05:00,19.0,89,1015.9,0,39.5,23,0.0
2023-09-11T06:00,19.0,89,1015.1,0,38.6,22,0.0
2023-09-11T07:00,19.0,88,1014.4,0,36.9,21,0.0
2023-09-11T08:00,19.0,88,1014.5,0,35.5,20,0.0
2023-09-11T09:00,18.8,89,1014.7,2,35.1,19,0.0
2023-09-11T10:00,18.6,90,1015.2,7,34.7,19,0.0
2023-09-11T11:00,18.6,90,1015.5,0,36.1,20,0.0
2023-09-11T12:00,19.0,91,1016.2,1,37.6,20,0.0
2023-09-11T13:00,18.8,92,1016.0,0,40.2,23,0.0
2023-09-11T14:00,19.1,91,1015.7,0,41.6,25,0.0
2023-09-11T15:00,19.5,89,1014.6,0,41.9,25,0.0
2023-09-11T16:00,19.6,89,1013.3,0,41.7,27,0.0
2023-09-11T17:00,19.7,89,1012.2,0,42.6,29,0.0
2023-09-11T18:00,19.8,88,1011.3,0,44.7,29,0.0
2023-09-11T19:00,20.0,87,1010.4,0,46.3,29,0.0
2023-09-11T20:00,20.2,86,1010.1,0,48.0,27,0.0
2023-09-11T21:00,20.1,88,1010.5,89,48.8,24,0.0
2023-09-11T22:00,19.9,91,1011.2,28,47.1,23,0.0
2023-09-11T23:00,19.5,94,1011.5,99,46.3,23,0.0
2023-09-12T00:00,19.0,98,1010.7,87,48.0,24,0.0
2023-09-12T01:00,19.0,98,1010.6,99,48.3,20,0.0
2023-09-12T02:00,19.0,98,1011.7,98,45.3,19,0.0
2023-09-12T03:00,19.2,97,1012.5,87,41.1,19,0.0
2023-09-12T04:00,19.2,97,1013.0,62,36.8,16,0.0
2023-09-12T05:00,19.3,96,1012.1,45,38.4,17,0.0
2023-09-12T06:00,19.1,97,1011.8,84,37.0,13,0.0
2023-09-12T07:00,18.9,97,1010.8,95,36.0,14,0.0
2023-09-12T08:00,18.8,98,1011.3,100,29.0,11,0.0
2023-09-12T09:00,18.5,98,1012.7,100,14.6,320,0.0
2023-09-12T10:00,18.3,97,1012.9,83,9.6,340,0.0
2023-09-12T11:00,18.6,93,1014.5,81,12.9,300,0.0
2023-09-12T12:00,19.3,90,1015.2,16,9.7,255,0.0
2023-09-12T13:00,19.9,87,1014.7,80,3.6,225,0.0
2023-09-12T14:00,19.2,91,1014.4,100,9.6,110,0.0
2023-09-12T15:00,18.1,98,1014.0,99,10.2,100,0.0
2023-09-12T16:00,18.3,98,1013.7,75,5.2,168,0.0
2023-09-12T17:00,18.5,97,1013.7,80,25.3,206,0.0
2023-09-12T18:00,18.8,96,1013.4,100,35.3,205,0.0
2023-09-12T19:00,19.0,94,1013.5,100,30.0,204,0.0
2023-09-12T20:00,18.9,93,1013.8,100,26.4,209,0.0
2023-09-12T21:00,18.8,92,1014.8,100,33.6,218,0.0
2023-09-12T22:00,18.7,91,1014.9,97,26.9,219,0.0
2023-09-12T23:00,18.7,91,1015.1,100,22.2,230,0.0
2023-09-13T00:00,18.5,92,1016.2,100,21.6,244,0.0
2023-09-13T01:00,18.6,90,1016.5,100,19.7,239,0.1
2023-09-13T02:00,18.5,90,1015.9,100,14.9,250,0.1
2023-09-13T03:00,18.6,90,1015.7,100,14.9,255,0.0
2023-09-13T04:00,18.5,91,1015.0,100,14.5,240,0.1
2023-09-13T05:00,18.4,92,1013.7,100,13.2,235,0.0
2023-09-13T06:00,18.2,93,1012.7,100,13.6,238,0.0
2023-09-13T07:00,18.1,94,1012.0,100,14.8,219,0.0
2023-09-13T08:00,18.1,94,1011.1,100,9.0,203,0.0
2023-09-13T09:00,18.1,94,1010.7,100,2.4,207,0.0
2023-09-13T10:00,18.1,95,1010.7,100,4.1,75,0.0
2023-09-13T11:00,18.2,96,1010.5,100,10.3,54,0.0
2023-09-13T12:00,18.2,96,1011.5,100,20.9,229,0.0
2023-09-13T13:00,17.9,98,1010.6,100,5.3,208,0.0
2023-09-13T14:00,17.9,98,1009.9,100,2.4,207,0.0
2023-09-13T15:00,17.9,99,1008.9,100,8.3,56,0.1
2023-09-13T16:00,18.2,99,1007.7,100,17.9,50,0.8
2023-09-13T17:00,18.8,97,1006.1,100,22.7,43,1.5
2023-09-13T18:00,19.1,95,1004.6,100,31.9,42,0.3
2023-09-13T19:00,19.2,95,1003.5,100,35.6,38,0.1
2023-09-13T20:00,19.3,95,1003.3,100,39.0,26,0.2
2023-09-13T21:00,19.2,95,1003.2,100,36.9,24,1.1
2023-09-13T22:00,19.5,93,1004.4,100,30.0,350,0.8
2023-09-13T23:00,18.9,92,1006.6,100,37.2,224,2.2
2023-09-14T00:00,19.5,95,1006.5,100,14.0,318,2.0
2023-09-14T01:00,19.4,94,1007.2,100,22.4,228,0.1
2023-09-14T02:00,18.9,90,1007.6,100,25.1,205,0.0
2023-09-14T03:00,18.9,85,1007.9,100,21.6,191,0.0
2023-09-14T04:00,18.8,88,1007.4,100,24.2,210,0.0
2023-09-14T05:00,20.0,73,1008.2,100,49.8,232,0.0
2023-09-14T06:00,19.6,70,1009.0,93,44.0,233,0.0
2023-09-14T07:00,18.9,67,1009.6,100,48.1,237,0.0
2023-09-14T08:00,18.0,67,1010.6,100,50.7,231,0.0
2023-09-14T09:00,16.4,79,1012.3,53,59.8,236,0.1
2023-09-14T10:00,16.0,79,1013.4,95,58.4,233,0.1
2023-09-14T11:00,16.1,78,1014.6,100,55.4,229,0.0
2023-09-14T12:00,16.6,71,1015.1,99,53.0,227,0.0
2023-09-14T13:00,16.6,71,1015.8,83,52.7,227,0.0
2023-09-14T14:00,17.0,68,1016.5,39,52.3,229,0.0
2023-09-14T15:00,16.9,67,1016.7,88,50.7,222,0.0
2023-09-14T16:00,16.8,68,1016.6,4,52.3,218,0.0
2023-09-14T17:00,16.6,70,1016.8,86,50.5,214,0.0
2023-09-14T18:00,16.5,71,1017.2,6,49.8,211,0.0
2023-09-14T19:00,16.6,72,1017.9,9,49.9,206,0.0
2023-09-14T20:00,16.5,71,1018.3,0,51.4,201,0.0
2023-09-14T21:00,16.4,71,1018.6,1,52.9,198,0.0
2023-09-14T22:00,16.4,72,1019.1,1,55.1,196,0.0
2023-09-14T23:00,16.4,72,1020.2,0,52.8,199,0.0
2023-09-15T00:00,16.4,71,1021.6,1,47.8,206,0.0
2023-09-15T01:00,16.4,70,1021.9,2,46.5,207,0.0
2023-09-15T02:00,16.2,69,1021.9,0,42.0,208,0.0
2023-09-15T03:00,16.1,70,1021.6,0,35.5,214,0.0
2023-09-15T04:00,15.9,70,1020.8,0,29.3,222,0.0
2023-09-15T05:00,15.8,72,1020.7,22,29.3,228,0.0
2023-09-15T06:00,15.4,74,1020.5,23,27.7,232,0.0
2023-09-15T07:00,15.0,75,1020.4,30,22.3,239,0.0
2023-09-15T08:00,14.8,75,1020.4,16,15.8,249,0.0
2023-09-15T09:00,14.6,74,1020.9,4,13.4,262,0.0
2023-09-15T10:00,14.8,71,1021.4,1,12.6,270,0.0
2023-09-15T11:00,14.9,69,1021.7,0,8.3,275,0.0
2023-09-15T12:00,14.8,66,1022.3,0,7.1,246,0.0
2023-09-15T13:00,14.9,63,1022.3,0,4.9,253,0.0
2023-09-15T14:00,15.1,61,1022.6,0,3.4,198,0.0
2023-09-15T15:00,15.2,63,1022.6,0,3.3,167,0.0
2023-09-15T16:00,15.7,66,1021.4,1,6.3,114,0.0
2023-09-15T17:00,16.1,68,1020.0,0,12.7,75,0.0
2023-09-15T18:00,16.5,68,1019.0,43,17.7,52,0.0
2023-09-15T19:00,16.9,67,1018.2,0,24.2,47,0.0
2023-09-15T20:00,17.2,66,1017.8,0,28.4,39,0.0
2023-09-15T21:00,17.3,70,1018.2,0,29.4,33,0.0
2023-09-15T22:00,17.5,72,1018.4,0,31.6,30,0.0
2023-09-15T23:00,17.8,74,1018.4,0,36.1,26,0.0
2023-09-16T00:00,17.8,75,1019.1,0,36.9,15,0.0
2023-09-16T01:00,17.6,77,1019.1,0,36.6,13,0.0
2023-09-16T02:00,17.7,78,1018.7,0,37.5,16,0.0
2023-09-16T03:00,17.8,77,1018.4,0,39.4,14,0.0
2023-09-16T04:00,17.8,78,1017.7,1,40.0,11,0.0
2023-09-16T05:00,18.0,77,1016.2,6,42.2,11,0.0
2023-09-16T06:00,18.3,76,1015.4,8,42.7,10,0.0
2023-09-16T07:00,18.4,77,1014.7,17,43.3,11,0.0
2023-09-16T08:00,18.5,77,1014.5,12,44.6,13,0.0
2023-09-16T09:00,18.6,78,1014.7,21,44.3,13,0.0
2023-09-16T10:00,18.6,79,1015.3,14,42.8,13,0.0
2023-09-16T11:00,18.5,80,1015.6,5,41.4,13,0.0
2023-09-16T12:00,18.6,80,1016.3,5,41.2,18,0.0
2023-09-16T13:00,18.9,80,1015.7,6,40.8,19,0.0
2023-09-16T14:00,19.2,80,1015.0,0,42.0,22,0.0
2023-09-16T15:00,19.5,79,1014.1,0,43.5,26,0.0
2023-09-16T16:00,19.5,81,1012.9,0,44.6,26,0.0
2023-09-16T17:00,19.5,82,1012.1,0,44.0,27,0.0
2023-09-16T18:00,19.5,83,1011.4,0,44.8,28,0.0
2023-09-16T19:00,19.6,84,1011.1,0,44.1,28,0.0
2023-09-16T20:00,19.8,84,1011.2,0,43.3,26,0.0
2023-09-16T21:00,19.7,85,1011.4,0,43.4,24,0.0
2023-09-16T22:00,19.7,85,1011.5,0,42.8,22,0.0
2023-09-16T23:00,19.5,87,1012.1,0,40.5,22,0.0
2023-09-17T00:00,19.2,89,1012.4,0,38.5,25,0.0
2023-09-17T01:00,19.1,90,1012.6,0,37.7,26,0.0
2023-09-17T02:00,19.0,91,1012.6,0,36.4,26,0.0
2023-09-17T03:00,19.1,90,1012.7,0,33.2,23,0.0
2023-09-17T04:00,19.1,89,1012.3,0,30.0,20,0.0
2023-09-17T05:00,19.2,88,1012.0,0,27.5,14,0.0
2023-09-17T06:00,19.2,87,1011.8,0,25.9,10,0.0
2023-09-17T07:00,19.1,87,1011.4,0,24.3,8,0.0
2023-09-17T08:00,19.1,87,1011.8,0,19.9,5,0.0
2023-09-17T09:00,19.0,87,1012.2,0,17.8,7,0.0
2023-09-17T10:00,19.0,86,1012.7,0,13.4,355,0.0
2023-09-17T11:00,18.6,86,1013.3,0,8.9,339,0.0
2023-09-17T12:00,18.7,85,1013.9,0,6.8,342,0.0
2023-09-17T13:00,18.6,88,1014.1,0,4.2,20,0.0
2023-09-17T14:00,18.5,86,1013.9,0,7.7,53,0.0
2023-09-17T15:00,18.1,90,1013.4,0,10.9,56,0.0
2023-09-17T16:00,18.2,93,1012.8,0,13.9,53,0.0
2023-09-17T17:00,19.0,88,1012.1,0,16.1,48,0.0
2023-09-17T18:00,19.4,90,1011.4,0,18.8,45,0.0
2023-09-17T19:00,19.7,90,1011.4,1,22.7,36,0.0
2023-09-17T20:00,20.0,89,1011.4,1,24.8,33,0.0
2023-09-17T21:00,20.4,86,1011.5,0,23.8,32,0.0
2023-09-17T22:00,20.6,85,1011.6,0,23.8,32,0.0
2023-09-17T23:00,20.5,85,1011.8,0,30.0,30,0.0
2023-09-18T00:00,20.4,85,1012.2,0,30.2,31,0.0
2023-09-18T01:00,20.5,84,1012.2,0,31.6,30,0.0
2023-09-18T02:00,20.5,84,1012.3,0,30.4,27,0.0
2023-09-18T03:00,20.5,84,1012.5,0,27.9,27,0.0
2023-09-18T04:00,20.5,85,1011.9,0,28.3,22,0.0
2023-09-18T05:00,20.5,85,1011.6,0,27.8,17,0.0
2023-09-18T06:00,20.4,86,1011.0,0,29.7,19,0.0
2023-09-18T07:00,20.2,87,1010.6,0,29.8,18,0.0
2023-09-18T08:00,20.2,86,1010.5,5,27.2,18,0.0
2023-09-18T09:00,20.3,85,1010.8,1,25.3,17,0.0
2023-09-18T10:00,20.3,85,1011.4,0,25.2,19,0.0
2023-09-18T11:00,20.0,87,1011.5,0,28.3,22,0.0
2023-09-18T12:00,19.8,89,1012.5,0,30.5,14,0.0
2023-09-18T13:00,19.8,89,1012.5,4,31.4,15,0.0
2023-09-18T14:00,20.0,89,1012.5,14,31.5,19,0.0
2023-09-18T15:00,19.9,90,1011.9,7,31.9,24,0.0
2023-09-18T16:00,20.1,88,1010.7,2,33.0,27,0.0
2023-09-18T17:00,20.4,88,1009.9,4,33.7,29,0.0
2023-09-18T18:00,20.5,88,1009.1,60,32.4,30,0.0
2023-09-18T19:00,20.6,89,1009.0,98,31.7,25,0.0
2023-09-18T20:00,21.3,86,1009.9,100,23.8,4,0.0
2023-09-18T21:00,20.5,94,1010.5,100,9.3,298,0.0
2023-09-18T22:00,20.5,92,1011.4,98,23.3,257,0.0
2023-09-18T23:00,19.8,88,1013.1,100,30.1,242,0.0
2023-09-19T00:00,19.6,86,1017.1,88,31.6,225,0.0
2023-09-19T01:00,19.4,88,1018.2,90,28.8,229,2.5
2023-09-19T02:00,19.3,90,1018.2,100,25.3,230,0.1
2023-09-19T03:00,19.1,91,1017.6,99,22.0,232,0.0
2023-09-19T04:00,19.0,91,1016.9,28,19.8,254,0.0
2023-09-19T05:00,19.0,91,1016.2,55,16.3,275,0.0
2023-09-19T06:00,18.9,92,1015.2,50,10.5,292,0.0
2023-09-19T07:00,18.8,92,1014.8,9,12.0,277,0.0
2023-09-19T08:00,18.6,93,1014.3,66,7.4,331,0.0
2023-09-19T09:00,20.0,87,1015.1,99,1.5,315,0.0
2023-09-19T10:00,18.9,92,1016.3,93,13.2,163,0.0
2023-09-19T11:00,18.5,95,1016.7,59,11.3,153,0.0
2023-09-19T12:00,19.5,95,1018.3,91,21.4,167,0.0
2023-09-19T13:00,19.5,95,1018.5,100,15.5,167,0.0
2023-09-19T14:00,19.4,96,1019.0,100,21.9,194,0.0
2023-09-19T15:00,19.6,96,1018.6,100,21.4,188,0.0
2023-09-19T16:00,20.0,95,1018.1,100,17.4,162,0.0
2023-09-19T17:00,20.0,95,1017.1,100,16.3,137,0.0
2023-09-19T18:00,20.0,95,1016.4,100,12.0,136,0.0
2023-09-19T19:00,19.8,95,1015.9,100,9.7,135,0.0
2023-09-19T20:00,19.6,96,1016.6,100,7.0,125,0.0
2023-09-19T21:00,19.5,97,1016.9,100,6.1,130,0.6
2023-09-19T22:00,19.5,97,1016.8,100,7.5,73,0.7
2023-09-19T23:00,19.6,98,1016.6,100,12.3,50,0.5
2023-09-20T00:00,19.5,97,1017.7,100,14.9,15,0.7
2023-09-20T01:00,19.4,97,1017.8,100,14.7,28,0.2
2023-09-20T02:00,19.1,98,1018.5,100,7.0,12,0.1
2023-09-20T03:00,19.3,98,1018.2,100,15.0,27,0.1
2023-09-20T04:00,19.3,98,1017.9,91,19.7,21,0.0
2023-09-20T05:00,19.4,97,1017.6,12,17.6,23,0.0
2023-09-20T06:00,19.5,96,1017.0,5,18.4,28,0.0
2023-09-20T07:00,19.5,95,1016.8,4,18.8,32,0.0
2023-09-20T08:00,19.7,94,1016.9,1,20.2,39,0.0
2023-09-20T09:00,19.8,93,1017.3,0,20.1,36,0.0
2023-09-20T10:00,19.7,92,1017.9,0,17.1,25,0.0
2023-09-20T11:00,19.6,92,1018.3,0,17.2,26,0.0
2023-09-20T12:00,20.0,95,1019.0,0,16.0,46,0.0
2023-09-20T13:00,19.8,97,1019.0,100,13.4,59,0.0
2023-09-20T14:00,19.8,98,1018.7,96,15.0,66,0.0
2023-09-20T15:00,19.9,98,1018.0,76,15.5,65,0.0
2023-09-20T16:00,20.0,98,1017.1,32,15.9,65,0.0
2023-09-20T17:00,20.1,99,1016.4,77,17.6,62,0.0
2023-09-20T18:00,20.1,99,1016.1,85,17.8,58,0.0
2023-09-20T19:00,20.4,98,1015.8,35,19.7,62,0.0
2023-09-20T20:00,20.5,97,1016.0,59,21.1,57,0.0
2023-09-20T21:00,20.4,97,1016.2,75,22.4,53,0.0
2023-09-20T22:00,20.4,97,1016.5,100,24.4,45,0.0
2023-09-20T23:00,20.2,97,1017.0,100,24.4,37,0.0
2023-09-21T00:00,20.0,97,1017.9,100,20.8,64,0.0
2023-09-21T01:00,20.0,98,1018.0,100,20.6,61,0.0
2023-09-21T02:00,20.0,98,1018.3,100,21.4,49,0.0
2023-09-21T03:00,19.9,99,1017.9,100,23.2,42,0.0
2023-09-21T04:00,19.9,99,1017.2,100,24.7,42,0.0
2023-09-21T05:00,19.8,99,1016.8,100,26.8,42,0.1
2023-09-21T06:00,19.8,99,1016.2,100,29.9,36,0.1
2023-09-21T07:00,19.8,98,1015.8,100,32.4,30,0.0
2023-09-21T08:00,19.6,98,1015.5,100,32.8,33,0.0
2023-09-21T09:00,19.8,96,1015.3,100,34.7,34,0.0
2023-09-21T10:00,19.9,94,1015.4,51,38.0,31,0.0
2023-09-21T11:00,19.9,94,1015.2,15,39.3,32,0.0
2023-09-21T12:00,20.1,94,1015.6,40,36.0,34,0.0
2023-09-21T13:00,20.1,93,1015.3,55,37.3,34,0.0
2023-09-21T14:00,20.2,93,1014.7,45,39.9,37,0.0
2023-09-21T15:00,20.2,92,1013.9,32,42.5,39,0.0
2023-09-21T16:00,20.4,91,1012.7,58,44.4,38,0.0
2023-09-21T17:00,20.5,90,1012.0,46,44.2,37,0.0
2023-09-21T18:00,20.5,89,1011.2,100,44.5,37,0.0
2023-09-21T19:00,20.6,88,1010.7,98,45.4,36,0.0
2023-09-21T20:00,20.5,88,1010.6,90,47.9,33,0.0
2023-09-21T21:00,20.7,88,1010.7,79,49.0,30,0.0
2023-09-21T22:00,20.7,89,1010.9,100,49.6,29,0.0
2023-09-21T23:00,20.6,90,1011.4,99,47.8,26,0.0
2023-09-22T00:00,20.6,91,1013.4,100,34.5,20,0.0
2023-09-22T01:00,20.5,92,1013.6,97,33.7,18,0.0
2023-09-22T02:00,20.4,93,1013.5,86,30.9,15,0.0
2023-09-22T03:00,20.1,94,1012.7,97,29.3,14,0.0
2023-09-22T04:00,20.0,95,1011.7,95,30.1,17,0.0
2023-09-22T05:00,20.1,94,1011.1,62,31.0,20,0.0
2023-09-22T06:00,20.1,94,1010.4,59,31.4,20,0.0
2023-09-22T07:00,20.0,95,1009.8,89,31.9,18,0.0
2023-09-22T08:00,19.8,96,1009.5,100,30.2,17,0.0
2023-09-22T09:00,19.8,96,1009.6,100,29.6,24,0.0
2023-09-22T10:00,20.0,95,1010.3,100,29.8,27,0.0
2023-09-22T11:00,20.0,95,1011.6,100,22.7,18,0.0
2023-09-22T12:00,20.0,96,1014.8,99,16.9,142,0.0
2023-09-22T13:00,19.9,96,1015.4,100,8.9,117,0.7
2023-09-22T14:00,19.6,97,1015.5,100,7.2,117,0.2
2023-09-22T15:00,19.6,97,1014.7,100,8.7,48,1.4
2023-09-22T16:00,19.8,96,1013.9,100,12.5,319,1.2
2023-09-22T17:00,20.2,95,1012.5,100,13.3,347,1.3
2023-09-22T18:00,20.1,95,1011.4,100,13.7,3,0.8
2023-09-22T19:00,19.8,96,1011.2,100,10.0,41,0.0
2023-09-22T20:00,19.8,96,1011.6,100,9.6,56,0.0
2023-09-22T21:00,19.9,95,1012.1,98,9.8,62,0.0
2023-09-22T22:00,20.1,93,1012.8,81,10.5,52,0.0
2023-09-22T23:00,20.0,94,1013.2,62,10.2,51,0.0
2023-09-23T00:00,19.8,95,1014.1,56,5.9,47,0.0
2023-09-23T01:00,20.5,92,1014.3,96,2.3,108,0.0
2023-09-23T02:00,19.8,95,1014.6,78,7.1,131,0.0
2023-09-23T03:00,19.6,95,1014.6,22,6.0,123,0.0
2023-09-23T04:00,19.6,95,1014.7,8,3.6,225,0.0
2023-09-23T05:00,19.4,97,1014.4,19,10.4,236,0.0
2023-09-23T06:00,19.1,98,1013.8,34,12.0,231,0.0
2023-09-23T07:00,19.0,98,1013.5,17,12.2,223,0.0
2023-09-23T08:00,18.9,98,1013.3,47,11.4,208,0.0
2023-09-23T09:00,18.8,98,1013.6,97,8.0,198,0.0
2023-09-23T10:00,18.6,100,1013.8,100,7.2,174,0.0
2023-09-23T11:00,18.5,100,1014.0,100,5.4,127,0.0
2023-09-23T12:00,18.4,100,1015.1,100,5.7,162,0.0
2023-09-23T13:00,18.5,100,1014.8,100,3.9,22,0.0
2023-09-23T14:00,18.7,99,1014.0,100,12.8,22,0.0
2023-09-23T15:00,18.9,100,1013.6,100,14.9,53,0.0
2023-09-23T16:00,19.7,98,1012.5,100,22.5,58,0.0
2023-09-23T17:00,20.2,96,1011.6,100,25.6,73,0.0
2023-09-23T18:00,20.5,95,1011.4,100,24.0,77,0.0
2023-09-23T19:00,20.7,94,1011.0,100,23.0,55,0.0
2023-09-23T20:00,20.5,95,1010.4,100,24.3,38,0.0
2023-09-23T21:00,20.5,95,1010.2,100,26.0,37,0.0
2023-09-23T22:00,20.5,95,1009.9,83,30.0,38,0.0
2023-09-23T23:00,20.5,95,1009.3,100,39.1,27,0.0
2023-09-24T00:00,20.6,91,1010.7,17,35.4,38,0.0
2023-09-24T01:00,20.6,90,1009.5,1,40.3,32,0.0
2023-09-24T02:00,20.6,90,1009.1,1,37.2,32,0.0
2023-09-24T03:00,20.6,90,1008.2,1,36.4,28,0.0
2023-09-24T04:00,20.5,91,1007.4,1,37.4,21,0.0
2023-09-24T05:00,20.5,91,1006.7,35,34.9,16,0.0
2023-09-24T06:00,20.3,93,1006.2,35,28.3,15,0.0
2023-09-24T07:00,20.2,93,1005.6,3,26.6,13,0.0
2023-09-24T08:00,20.1,94,1005.6,41,24.2,11,0.0
2023-09-24T09:00,20.0,94,1006.8,47,10.8,291,0.0
2023-09-24T10:00,20.1,94,1007.6,52,16.1,241,0.0
2023-09-24T11:00,20.2,93,1008.8,46,23.7,226,0.0
2023-09-24T12:00,20.5,93,1009.8,42,31.0,218,0.0
2023-09-24T13:00,20.1,94,1009.3,99,28.2,219,0.0
2023-09-24T14:00,20.0,93,1010.2,100,28.5,224,0.0
2023-09-24T15:00,19.9,93,1010.5,100,29.7,216,0.0
2023-09-24T16:00,19.8,93,1010.1,100,26.9,210,0.0
2023-09-24T17:00,19.6,94,1009.9,100,30.3,208,0.0
2023-09-24T18:00,19.5,94,1010.0,96,28.7,208,0.0
2023-09-24T19:00,19.5,93,1010.5,100,31.3,210,0.0
2023-09-24T20:00,19.5,92,1011.1,100,28.8,208,0.0
2023-09-24T21:00,19.5,92,1011.9,100,29.3,209,0.0
2023-09-24T22:00,19.8,91,1012.2,100,28.5,217,0.0
2023-09-24T23:00,19.8,91,1013.3,100,27.7,218,0.4
2023-09-25T00:00,19.5,91,1014.7,100,28.8,223,0.0
2023-09-25T01:00,19.5,90,1015.0,98,22.5,219,0.1
2023-09-25T02:00,19.5,90,1014.9,87,21.9,221,0.0
2023-09-25T03:00,19.4,90,1015.1,95,23.4,224,0.0
2023-09-25T04:00,19.2,89,1014.7,99,22.5,215,0.1
2023-09-25T05:00,19.1,87,1014.4,62,18.1,224,0.0
2023-09-25T06:00,19.0,87,1013.9,46,17.3,223,0.0
2023-09-25T07:00,18.9,87,1013.8,70,16.8,222,0.0
2023-09-25T08:00,19.0,85,1013.9,77,15.8,204,0.0
2023-09-25T09:00,19.1,85,1014.5,100,13.8,200,0.0
2023-09-25T10:00,19.2,85,1014.8,100,12.7,188,0.0
2023-09-25T11:00,19.3,85,1015.3,100,10.6,170,0.0
2023-09-25T12:00,19.1,84,1015.6,100,15.8,131,0.0
2023-09-25T13:00,19.0,84,1015.6,100,18.4,145,0.8
2023-09-25T14:00,18.8,85,1016.4,100,16.4,151,4.4
2023-09-25T15:00,18.9,86,1015.6,100,19.1,134,1.5
2023-09-25T16:00,19.0,85,1015.5,100,21.5,149,1.3
2023-09-25T17:00,18.8,87,1014.2,100,21.2,132,1.8
2023-09-25T18:00,19.0,86,1013.6,100,19.6,122,2.0
2023-09-25T19:00,19.0,87,1013.4,100,22.2,119,1.6
2023-09-25T20:00,19.0,86,1013.3,100,22.2,115,5.5
2023-09-25T21:00,19.0,88,1013.4,100,21.0,103,5.0
2023-09-25T22:00,18.9,88,1013.7,100,24.7,103,2.4
2023-09-25T23:00,18.8,87,1014.4,100,24.4,106,10.6
2023-09-26T00:00,18.5,84,1015.7,100,17.2,101,7.8
2023-09-26T01:00,18.8,83,1015.7,100,15.5,103,0.1
2023-09-26T02:00,19.0,84,1015.5,100,16.9,90,0.7
2023-09-26T03:00,19.0,84,1015.1,100,19.5,85,3.3
2023-09-26T04:00,19.0,85,1014.2,100,20.2,79,3.9
2023-09-26T05:00,19.4,85,1013.4,100,29.2,66,2.0
2023-09-26T06:00,19.3,88,1012.6,100,26.7,58,0.1
2023-09-26T07:00,19.4,88,1011.8,100,27.8,49,0.0
2023-09-26T08:00,19.5,90,1010.8,100,30.4,49,0.1
2023-09-26T09:00,19.5,91,1010.0,100,33.6,48,0.1
2023-09-26T10:00,19.8,90,1010.1,100,32.6,45,0.1
2023-09-26T11:00,20.0,91,1010.4,100,33.0,36,0.0
2023-09-26T12:00,19.8,91,1010.9,100,27.4,63,0.0
2023-09-26T13:00,19.9,92,1010.3,100,25.5,44,0.0
2023-09-26T14:00,20.0,91,1009.8,100,26.3,41,6.2
2023-09-26T15:00,20.2,91,1009.0,100,29.1,54,3.5
2023-09-26T16:00,20.2,93,1007.7,100,26.4,61,1.8
2023-09-26T17:00,20.2,93,1006.8,100,26.5,75,13.7
2023-09-26T18:00,20.5,93,1005.0,100,37.5,55,1.9
2023-09-26T19:00,20.7,93,1003.9,100,41.5,43,0.0
2023-09-26T20:00,20.7,94,1003.8,100,42.1,36,0.0
2023-09-26T21:00,20.8,94,1004.4,100,41.2,34,0.1
2023-09-26T22:00,20.9,95,1004.8,100,40.0,24,1.4
2023-09-26T23:00,21.0,94,1005.0,99,36.7,18,0.7
2023-09-27T00:00,20.6,95,1006.9,90,20.0,38,0.0
2023-09-27T01:00,20.5,96,1006.7,100,18.3,75,0.6
2023-09-27T02:00,20.4,95,1006.2,100,24.1,76,1.0
2023-09-27T03:00,20.5,95,1005.5,100,23.2,54,0.9
2023-09-27T04:00,20.2,97,1004.2,99,18.4,26,0.2
2023-09-27T05:00,19.9,97,1003.6,100,11.3,338,0.0
2023-09-27T06:00,19.5,96,1003.2,100,13.9,249,1.4
2023-09-27T07:00,19.1,95,1003.6,100,25.3,221,2.7
2023-09-27T08:00,19.4,93,1003.7,74,19.1,248,2.6
2023-09-27T09:00,19.5,92,1004.1,78,30.1,236,0.0
2023-09-27T10:00,19.1,94,1004.9,100,29.7,234,0.0
2023-09-27T11:00,19.9,85,1006.2,100,41.4,239,0.0
2023-09-27T12:00,20.0,84,1007.5,100,52.8,239,0.0
2023-09-27T13:00,19.5,88,1008.5,45,47.2,239,0.0
2023-09-27T14:00,19.3,88,1008.7,64,50.8,230,0.0
2023-09-27T15:00,18.8,88,1009.3,94,58.8,226,0.0
2023-09-27T16:00,18.3,86,1009.4,34,60.6,224,0.0
2023-09-27T17:00,18.0,85,1009.7,46,67.3,223,0.0
2023-09-27T18:00,18.0,82,1010.5,65,64.2,225,0.0
2023-09-27T19:00,18.0,80,1010.9,9,64.4,223,0.0
2023-09-27T20:00,18.3,73,1011.5,4,64.0,219,0.0
2023-09-27T21:00,18.1,75,1012.3,8,62.1,218,0.0
2023-09-27T22:00,17.8,77,1013.3,9,62.7,217,0.0
2023-09-27T23:00,17.6,77,1014.1,2,59.5,216,0.0
2023-09-28T00:00,16.8,79,1016.5,5,55.6,208,0.0
2023-09-28T01:00,16.4,80,1016.9,90,51.1,208,0.4
2023-09-28T02:00,16.5,76,1017.6,90,49.9,202,0.1
2023-09-28T03:00,16.8,75,1017.9,99,42.5,200,0.2
2023-09-28T04:00,16.1,82,1017.7,83,39.6,202,0.2
2023-09-28T05:00,16.1,79,1017.6,99,36.9,201,0.2
2023-09-28T06:00,16.2,80,1017.4,47,36.2,205,0.6
2023-09-28T07:00,16.6,76,1017.4,32,28.8,212,0.1
2023-09-28T08:00,16.4,78,1017.9,56,25.7,222,0.1
2023-09-28T09:00,16.1,81,1018.6,53,26.4,232,0.0
2023-09-28T10:00,15.8,83,1019.7,93,25.9,231,0.2
2023-09-28T11:00,15.8,83,1020.6,100,24.9,231,0.2
2023-09-28T12:00,16.1,84,1021.8,99,20.2,235,0.1
2023-09-28T13:00,16.5,82,1022.2,92,15.6,214,0.2
2023-09-28T14:00,17.3,77,1022.1,68,9.3,193,0.1
2023-09-28T15:00,18.0,74,1021.9,62,10.0,139,0.1
2023-09-28T16:00,18.8,70,1021.5,62,18.1,107,0.0
2023-09-28T17:00,19.3,68,1020.9,19,23.6,98,0.0
2023-09-28T18:00,19.4,68,1020.6,19,24.2,93,0.0
2023-09-28T19:00,19.5,67,1020.4,51,24.8,89,0.0
2023-09-28T20:00,19.4,68,1020.7,52,25.9,81,0.0
2023-09-28T21:00,19.4,69,1020.9,27,26.5,75,0.0
2023-09-28T22:00,19.2,69,1021.5,28,26.1,70,0.0
2023-09-28T23:00,19.4,69,1022.1,93,26.6,67,0.0
2023-09-29T00:00,19.4,70,1022.5,100,32.7,79,0.0
2023-09-29T01:00,19.2,71,1023.0,78,32.8,73,0.0
2023-09-29T02:00,19.5,68,1022.9,84,30.7,68,0.0
2023-09-29T03:00,19.5,69,1022.7,72,35.2,68,0.0
2023-09-29T04:00,19.5,69,1022.0,57,35.6,63,0.0
2023-09-29T05:00,19.4,69,1021.5,76,35.0,53,0.0
2023-09-29T06:00,19.4,70,1020.9,81,34.4,47,0.0
2023-09-29T07:00,19.2,72,1020.6,46,34.0,40,0.0
2023-09-29T08:00,19.1,73,1020.9,43,33.7,40,0.0
2023-09-29T09:00,19.2,73,1021.3,49,33.0,29,0.0
2023-09-29T10:00,19.4,73,1021.9,70,33.0,29,0.0
2023-09-29T11:00,19.3,74,1022.5,51,33.9,31,0.0
2023-09-29T12:00,19.4,78,1023.0,34,27.5,32,0.0
2023-09-29T13:00,19.2,80,1023.0,46,28.0,35,0.0
2023-09-29T14:00,19.5,79,1022.6,41,27.9,36,0.0
2023-09-29T15:00,19.6,80,1022.1,57,27.1,29,0.0
2023-09-29T16:00,19.8,80,1021.4,94,31.4,27,0.0
2023-09-29T17:00,19.8,80,1020.3,30,32.5,31,0.0
2023-09-29T18:00,19.9,80,1019.7,2,34.3,33,0.0
2023-09-29T19:00,20.0,80,1019.3,6,36.2,34,0.0
2023-09-29T20:00,20.0,80,1019.3,9,38.2,28,0.0
2023-09-29T21:00,20.0,82,1019.3,11,37.5,24,0.0
2023-09-29T22:00,20.0,82,1019.4,15,36.3,24,0.0
2023-09-29T23:00,19.9,84,1019.6,3,38.0,26,0.0
2023-09-30T00:00,19.8,86,1020.1,9,35.8,29,0.0
2023-09-30T01:00,19.5,89,1019.7,7,37.4,32,0.0
2023-09-30T02:00,19.6,87,1019.3,5,36.1,32,0.0
2023-09-30T03:00,19.7,87,1018.8,6,36.1,27,0.0
2023-09-30T04:00,19.7,87,1018.5,11,35.7,26,0.0
2023-09-30T05:00,19.6,88,1017.8,49,32.9,23,0.0
2023-09-30T06:00,19.5,87,1017.3,62,31.2,22,0.0
2023-09-30T07:00,19.5,87,1016.8,99,31.5,22,0.0
2023-09-30T08:00,19.6,87,1016.8,94,31.7,21,0.0
2023-09-30T09:00,19.6,88,1017.2,100,30.6,20,0.0
2023-09-30T10:00,19.6,88,1017.6,100,31.3,23,0.0
2023-09-30T11:00,19.6,89,1017.9,92,32.3,22,0.0
2023-09-30T12:00,19.4,92,1018.7,100,29.5,20,0.0
2023-09-30T13:00,19.4,92,1018.6,100,29.2,22,0.0
2023-09-30T14:00,19.4,92,1018.3,100,29.0,25,0.0
2023-09-30T15:00,19.5,93,1017.8,100,31.9,30,0.0
2023-09-30T16:00,19.5,93,1017.0,100,34.7,31,0.0
2023-09-30T17:00,19.6,93,1015.8,98,34.4,31,0.0
2023-09-30T18:00,19.6,93,1015.1,100,34.0,28,0.0
2023-09-30T19:00,19.7,93,1014.9,100,30.3,25,0.8
2023-09-30T20:00,19.6,94,1015.0,100,24.5,26,2.7
2023-09-30T21:00,19.8,93,1015.2,100,23.5,29,4.0
2023-09-30T22:00,19.8,93,1015.2,100,23.7,22,2.3
2023-09-30T23:00,19.7,94,1015.3,100,17.7,5,1.8
2023-10-01T00:00,18.8,90,1016.5,100,37.1,204,3.4
2023-10-01T01:00,18.8,90,1016.7,100,33.5,210,1.5
2023-10-01T02:00,18.4,91,1016.9,100,33.6,226,1.7
2023-10-01T03:00,18.2,90,1016.8,100,34.2,233,1.1
2023-10-01T04:00,18.0,90,1016.0,100,35.0,230,1.4
2023-10-01T05:00,18.0,92,1015.5,100,33.5,231,0.3
2023-10-01T06:00,18.0,92,1014.8,100,37.7,223,0.3
2023-10-01T07:00,18.0,92,1014.7,100,33.2,221,0.3
2023-10-01T08:00,18.0,92,1014.8,100,32.9,221,0.2
2023-10-01T09:00,18.0,90,1015.1,100,36.2,217,0.2
2023-10-01T10:00,18.1,85,1015.6,100,37.2,213,0.1
2023-10-01T11:00,18.0,85,1015.9,100,39.0,209,0.1
2023-10-01T12:00,17.9,82,1016.8,100,37.7,209,0.1
2023-10-01T13:00,17.9,82,1016.9,100,36.9,210,0.1
2023-10-01T14:00,17.9,81,1016.8,100,36.8,217,0.0
2023-10-01T15:00,17.8,81,1016.3,15,36.3,217,0.0
2023-10-01T16:00,17.8,79,1015.7,12,36.1,212,0.0
2023-10-01T17:00,17.7,79,1014.8,10,35.3,207,0.0
2023-10-01T18:00,17.6,79,1014.2,14,35.2,202,0.0
2023-10-01T19:00,17.8,79,1013.9,15,35.0,197,0.0
2023-10-01T20:00,17.7,79,1014.0,18,34.9,194,0.0
2023-10-01T21:00,17.6,79,1014.2,27,34.1,193,0.0
2023-10-01T22:00,17.5,79,1014.6,25,31.1,193,0.0
2023-10-01T23:00,17.5,79,1015.0,14,28.9,194,0.0
2023-10-02T00:00,17.3,80,1016.0,51,24.9,185,0.0
2023-10-02T01:00,17.2,79,1016.2,70,23.4,190,0.0
2023-10-02T02:00,17.0,79,1016.2,57,20.6,196,0.0
2023-10-02T03:00,16.9,79,1015.6,51,20.5,204,0.0
2023-10-02T04:00,17.0,73,1015.2,77,21.8,218,0.0
2023-10-02T05:00,16.9,70,1014.3,15,25.6,215,0.0
2023-10-02T06:00,16.8,70,1013.7,10,26.8,211,0.0
2023-10-02T07:00,16.6,71,1013.3,10,26.2,214,0.0
2023-10-02T08:00,16.4,71,1013.6,22,27.4,215,0.0
2023-10-02T09:00,16.2,71,1013.9,30,28.3,214,0.0
2023-10-02T10:00,16.2,71,1014.6,21,28.4,216,0.0
2023-10-02T11:00,16.2,69,1015.3,18,29.4,213,0.0
2023-10-02T12:00,16.3,68,1015.9,28,29.2,213,0.0
2023-10-02T13:00,16.4,68,1016.0,27,29.4,211,0.0
2023-10-02T14:00,16.5,68,1015.7,20,28.9,211,0.0
2023-10-02T15:00,16.7,68,1015.4,9,28.1,213,0.0
2023-10-02T16:00,17.0,66,1014.7,13,27.6,209,0.0
2023-10-02T17:00,17.2,64,1013.9,44,27.9,205,0.0
2023-10-02T18:00,17.6,62,1013.5,55,29.4,202,0.0
2023-10-02T19:00,18.0,60,1013.0,5,28.8,196,0.0
2023-10-02T20:00,18.1,59,1012.9,9,25.2,199,0.0
2023-10-02T21:00,18.4,60,1013.2,23,23.9,201,0.0
2023-10-02T22:00,18.4,60,1013.3,45,23.7,193,0.0
2023-10-02T23:00,18.6,60,1013.7,56,21.4,197,0.0
2023-10-03T00:00,18.0,59,1014.5,52,18.6,223,0.0
2023-10-03T01:00,17.6,61,1014.6,54,16.7,245,0.0
2023-10-03T02:00,16.6,71,1014.5,13,21.0,277,0.0
2023-10-03T03:00,16.0,72,1014.1,14,23.3,278,0.0
2023-10-03T04:00,15.6,75,1013.8,4,22.3,270,0.0
2023-10-03T05:00,15.2,77,1013.5,1,18.8,275,0.0
2023-10-03T06:00,14.9,79,1013.3,0,20.4,278,0.0
2023-10-03T07:00,15.4,78,1013.2,6,16.6,275,0.0
2023-10-03T08:00,15.4,77,1013.4,0,13.3,272,0.0
2023-10-03T09:00,15.4,80,1013.7,0,12.2,268,0.0
2023-10-03T10:00,15.6,77,1014.2,1,10.4,270,0.0
2023-10-03T11:00,16.0,72,1014.3,0,7.9,267,0.0
2023-10-03T12:00,16.0,74,1014.6,0,8.5,282,0.0
2023-10-03T13:00,16.1,74,1014.5,0,4.0,297,0.0
2023-10-03T14:00,16.4,74,1014.2,0,5.7,342,0.0
2023-10-03T15:00,16.6,73,1013.8,0,4.8,27,0.0
2023-10-03T16:00,17.4,73,1012.4,0,8.6,88,0.0
2023-10-03T17:00,17.8,76,1011.3,0,13.0,87,0.0
2023-10-03T18:00,18.1,75,1010.7,0,13.9,65,0.0
2023-10-03T19:00,18.5,75,1009.9,42,17.2,64,0.0
2023-10-03T20:00,18.8,75,1010.1,20,17.9,56,0.0
2023-10-03T21:00,19.0,73,1010.0,100,20.5,59,0.0
2023-10-03T22:00,19.2,74,1011.3,100,17.3,45,0.0
2023-10-03T23:00,19.1,76,1010.0,100,28.2,55,0.0
2023-10-04T00:00,18.8,78,1011.7,51,20.7,51,0.0
2023-10-04T01:00,18.9,77,1011.8,100,21.2,35,0.0
2023-10-04T02:00,18.8,80,1010.7,100,28.3,41,0.0
2023-10-04T03:00,18.8,83,1009.0,100,35.2,41,0.0
2023-10-04T04:00,19.0,83,1008.4,100,41.1,32,0.0
2023-10-04T05:00,19.0,86,1008.1,100,42.0,25,0.0
2023-10-04T06:00,19.2,86,1007.1,100,34.8,39,0.0
2023-10-04T07:00,19.1,87,1007.1,100,34.2,42,0.0
2023-10-04T08:00,19.2,87,1007.6,100,35.5,34,0.7
2023-10-04T09:00,19.1,89,1008.0,100,32.5,31,2.0
2023-10-04T10:00,19.3,89,1007.0,100,41.3,35,3.5
2023-10-04T11:00,19.4,89,1007.2,100,41.2,27,4.9
2023-10-04T12:00,18.7,92,1008.2,100,41.8,55,3.9
2023-10-04T13:00,19.0,91,1007.6,100,37.9,39,2.5
2023-10-04T14:00,19.0,92,1007.8,100,30.9,8,1.9
2023-10-04T15:00,18.9,93,1006.6,100,32.5,26,6.5
2023-10-04T16:00,19.1,93,1005.7,100,34.5,34,3.3
2023-10-04T17:00,19.2,94,1005.3,100,29.1,22,2.5
2023-10-04T18:00,19.2,94,1003.6,84,33.6,26,0.6
2023-10-04T19:00,19.4,94,1003.2,100,28.4,33,0.1
2023-10-04T20:00,19.5,94,1003.2,63,29.1,40,0.0
2023-10-04T21:00,19.7,94,1003.1,80,31.3,38,0.0
2023-10-04T22:00,19.8,94,1004.0,97,24.0,30,0.0
2023-10-04T23:00,19.6,95,1005.5,100,13.0,294,0.0
2023-10-05T00:00,19.1,87,1007.9,98,48.7,223,0.0
2023-10-05T01:00,19.1,84,1008.7,100,42.5,223,0.0
2023-10-05T02:00,18.7,86,1009.1,93,34.6,234,0.0
2023-10-05T03:00,18.6,85,1009.0,73,32.4,235,0.0
2023-10-05T04:00,18.5,84,1008.8,11,34.4,228,0.0
2023-10-05T05:00,18.5,80,1008.9,15,32.6,225,0.0
2023-10-05T06:00,18.5,78,1008.6,6,30.3,223,0.0
2023-10-05T07:00,18.4,78,1009.0,7,30.4,221,0.0
2023-10-05T08:00,18.2,79,1009.2,16,30.6,212,0.0
2023-10-05T09:00,18.1,81,1009.8,24,33.2,209,0.0
2023-10-05T10:00,18.1,81,1010.5,42,32.2,204,0.0
2023-10-05T11:00,18.1,81,1011.2,53,29.2,202,0.0
2023-10-05T12:00,18.1,81,1011.8,91,31.7,206,0.0
2023-10-05T13:00,18.1,82,1011.9,97,30.3,207,0.5
2023-10-05T14:00,18.0,81,1011.9,100,27.4,207,0.0
2023-10-05T15:00,18.0,81,1012.0,60,24.0,206,0.5
2023-10-05T16:00,17.9,79,1011.4,83,19.1,202,0.0
2023-10-05T17:00,17.9,78,1011.0,72,18.6,202,0.0
2023-10-05T18:00,18.0,78,1010.7,72,17.6,195,0.0
2023-10-05T19:00,18.1,77,1011.1,72,13.4,188,0.0
2023-10-05T20:00,18.3,77,1011.3,100,12.8,170,0.0
2023-10-05T21:00,18.4,76,1012.0,100,12.7,155,0.0
2023-10-05T22:00,18.4,76,1012.6,100,10.8,150,0.0
2023-10-05T23:00,18.5,76,1013.4,100,8.5,126,0.0
2023-10-06T00:00,18.9,74,1014.2,100,9.9,100,0.0
2023-10-06T01:00,19.0,74,1014.6,100,10.3,65,0.0
2023-10-06T02:00,19.0,76,1014.1,100,12.6,53,0.0
2023-10-06T03:00,18.8,79,1013.8,100,13.7,35,0.0
2023-10-06T04:00,18.5,82,1012.8,28,14.0,29,0.0
2023-10-06T05:00,18.4,84,1012.3,38,16.6,24,0.0
2023-10-06T06:00,18.6,83,1011.8,17,19.6,26,0.0
2023-10-06T07:00,18.8,83,1011.7,43,21.3,22,0.0
2023-10-06T08:00,19.0,84,1011.9,60,22.4,24,0.0
2023-10-06T09:00,18.9,86,1012.7,63,21.3,30,0.0
2023-10-06T10:00,19.0,89,1013.0,100,22.8,39,0.0
2023-10-06T11:00,19.0,90,1013.4,100,26.7,37,0.0
2023-10-06T12:00,19.0,92,1014.5,100,20.0,39,0.1
2023-10-06T13:00,19.0,92,1014.5,100,20.8,26,0.5
2023-10-06T14:00,18.8,93,1014.0,100,25.0,27,0.4
2023-10-06T15:00,18.9,92,1013.6,100,21.4,36,0.4
2023-10-06T16:00,19.0,93,1013.1,100,23.9,44,0.4
2023-10-06T17:00,19.1,93,1012.2,100,25.3,49,2.7
2023-10-06T18:00,19.2,94,1011.3,100,26.5,42,0.2
2023-10-06T19:00,19.5,93,1011.1,100,24.0,49,0.0
2023-10-06T20:00,19.6,92,1011.7,100,23.4,56,0.2
2023-10-06T21:00,19.7,91,1011.6,100,26.5,56,0.3
2023-10-06T22:00,19.7,92,1012.3,100,22.8,74,0.3
2023-10-06T23:00,19.5,93,1012.4,100,26.1,72,2.5
2023-10-07T00:00,19.6,92,1013.5,100,22.4,66,2.6
2023-10-07T01:00,19.5,93,1013.1,100,21.4,73,1.1
2023-10-07T02:00,19.6,93,1013.3,100,19.8,80,3.0
2023-10-07T03:00,19.5,94,1013.3,100,17.3,91,3.0
2023-10-07T04:00,19.6,94,1012.4,100,23.8,80,1.6
2023-10-07T05:00,19.8,93,1010.9,100,30.4,71,1.7
2023-10-07T06:00,19.9,93,1010.3,100,29.4,75,0.7
2023-10-07T07:00,20.0,93,1010.3,100,29.4,68,2.2
2023-10-07T08:00,20.0,93,1010.1,100,31.8,47,1.0
2023-10-07T09:00,20.0,93,1010.0,100,26.0,49,3.3
2023-10-07T10:00,20.0,93,1010.4,100,22.2,48,6.2
2023-10-07T11:00,19.8,95,1010.7,100,18.2,51,6.0
2023-10-07T12:00,19.7,93,1014.5,100,16.5,36,8.3
2023-10-07T13:00,19.6,94,1015.6,100,16.6,34,4.6
2023-10-07T14:00,19.6,94,1015.6,100,11.5,32,7.7
2023-10-07T15:00,19.6,94,1015.0,100,22.9,28,4.2
2023-10-07T16:00,19.6,94,1014.5,100,11.5,39,1.7
2023-10-07T17:00,19.5,95,1013.9,100,13.3,13,1.0
2023-10-07T18:00,19.3,96,1013.6,100,4.5,104,1.4
2023-10-07T19:00,19.2,97,1014.3,81,4.1,195,1.7
2023-10-07T20:00,19.1,97,1014.9,100,10.6,170,0.3
2023-10-07T21:00,19.2,97,1015.4,100,12.5,162,0.0
2023-10-07T22:00,19.5,96,1015.7,100,17.9,152,0.0
2023-10-07T23:00,19.6,95,1017.3,100,18.3,165,0.0
2023-10-08T00:00,19.5,94,1017.5,100,17.6,157,0.0
2023-10-08T01:00,19.5,93,1018.0,100,17.9,146,0.0
2023-10-08T02:00,19.6,92,1018.0,100,22.0,140,0.0
2023-10-08T03:00,19.6,91,1018.3,100,23.6,142,0.2
2023-10-08T04:00,19.5,90,1017.9,100,20.9,139,0.1
2023-10-08T05:00,19.5,89,1016.8,100,21.3,124,0.0
2023-10-08T06:00,19.5,88,1015.9,100,19.4,130,0.0
2023-10-08T07:00,19.5,87,1016.4,100,18.7,142,0.0
2023-10-08T08:00,19.5,87,1016.8,100,21.0,142,0.0
2023-10-08T09:00,19.5,88,1017.2,100,19.2,140,0.1
2023-10-08T10:00,19.4,88,1017.2,100,21.5,145,0.2
2023-10-08T11:00,19.5,88,1017.4,100,20.4,139,0.7
2023-10-08T12:00,19.4,89,1017.3,100,15.5,152,1.5
2023-10-08T13:00,19.4,90,1017.2,100,14.0,154,0.5
2023-10-08T14:00,19.5,90,1017.3,100,18.5,187,0.5
2023-10-08T15:00,19.5,91,1016.3,100,21.0,167,1.2
2023-10-08T16:00,19.4,92,1016.3,100,19.5,182,2.5
2023-10-08T17:00,19.4,92,1015.4,100,17.1,165,4.1
2023-10-08T18:00,19.5,93,1015.1,100,15.5,136,3.2
2023-10-08T19:00,19.5,93,1014.8,100,12.6,160,2.9
2023-10-08T20:00,19.5,93,1014.5,100,17.0,144,3.4
2023-10-08T21:00,19.6,93,1014.0,100,21.4,134,2.5
2023-10-08T22:00,19.7,93,1013.9,100,18.9,111,1.7
2023-10-08T23:00,19.7,93,1014.4,100,12.7,135,1.4
2023-10-09T00:00,19.4,94,1014.4,100,13.7,135,0.8
2023-10-09T01:00,19.5,94,1014.4,100,14.3,146,1.6
2023-10-09T02:00,19.5,92,1014.6,100,12.1,168,1.6
2023-10-09T03:00,19.2,95,1014.7,100,13.6,230,1.7
2023-10-09T04:00,19.0,95,1014.0,100,22.2,227,0.6
2023-10-09T05:00,19.1,93,1013.8,100,28.8,217,0.2
2023-10-09T06:00,19.4,92,1013.4,99,32.2,205,0.0
2023-10-09T07:00,19.5,90,1014.0,100,31.4,190,0.1
2023-10-09T08:00,19.2,92,1014.8,100,28.5,184,0.1
2023-10-09T09:00,19.3,90,1015.7,54,26.4,185,0.0
2023-10-09T10:00,19.1,90,1016.7,100,26.8,185,0.2
2023-10-09T11:00,19.1,89,1017.6,100,26.3,184,0.2
2023-10-09T12:00,19.2,89,1017.7,94,24.0,163,0.1
2023-10-09T13:00,19.0,89,1018.5,100,24.9,170,0.6
2023-10-09T14:00,19.0,88,1018.9,93,25.2,178,0.4
2023-10-09T15:00,19.0,87,1018.9,84,24.0,188,0.1
2023-10-09T16:00,19.2,85,1018.7,55,24.7,193,0.0
2023-10-09T17:00,19.2,84,1018.5,25,25.2,190,0.0
2023-10-09T18:00,19.3,84,1018.6,43,25.9,178,0.0
2023-10-09T19:00,19.2,83,1018.5,41,24.7,172,0.0
2023-10-09T20:00,19.5,81,1018.8,11,21.8,171,0.0
2023-10-09T21:00,19.5,82,1019.2,19,19.1,168,0.0
2023-10-09T22:00,19.5,82,1019.5,13,17.2,164,0.0
2023-10-09T23:00,19.4,81,1020.2,14,16.2,159,0.0
2023-10-10T00:00,19.0,79,1021.6,18,14.8,146,0.0
2023-10-10T01:00,19.0,78,1021.4,68,13.2,137,0.0
2023-10-10T02:00,19.0,77,1021.3,7,10.5,128,0.0
2023-10-10T03:00,19.0,77,1021.0,56,7.7,118,0.0
2023-10-10T04:00,19.0,76,1020.3,11,6.5,96,0.0
2023-10-10T05:00,19.0,77,1019.7,16,6.8,72,0.0
2023-10-10T06:00,19.0,78,1019.3,13,9.1,56,0.0
2023-10-10T07:00,18.9,78,1019.4,13,12.2,56,0.0
2023-10-10T08:00,18.9,76,1019.7,6,14.0,61,0.0
2023-10-10T09:00,18.9,75,1020.3,9,15.7,58,0.0
2023-10-10T10:00,18.9,76,1020.9,9,16.4,57,0.0
2023-10-10T11:00,18.9,78,1021.5,11,16.5,46,0.0
2023-10-10T12:00,18.9,79,1021.9,31,12.2,43,0.0
2023-10-10T13:00,18.6,87,1021.8,21,12.8,16,0.0
2023-10-10T14:00,18.5,90,1021.7,27,14.3,25,0.0
2023-10-10T15:00,18.7,89,1020.7,9,18.7,38,0.0
2023-10-10T16:00,19.2,86,1019.9,7,25.0,43,0.0
2023-10-10T17:00,19.4,86,1019.0,7,28.0,45,0.0
2023-10-10T18:00,19.6,85,1018.1,1,30.7,50,0.0
2023-10-10T19:00,19.6,86,1017.3,0,33.9,49,0.0
2023-10-10T20:00,19.9,84,1017.3,0,35.4,43,0.0
2023-10-10T21:00,19.9,85,1017.1,0,36.3,37,0.0
2023-10-10T22:00,19.9,86,1017.3,1,37.6,34,0.0
2023-10-10T23:00,19.8,88,1017.5,3,39.3,30,0.0
2023-10-11T00:00,19.6,88,1017.6,4,41.7,26,0.0
2023-10-11T01:00,19.5,89,1017.2,13,42.6,23,0.0
2023-10-11T02:00,19.5,90,1016.5,9,45.3,23,0.0
2023-10-11T03:00,19.5,90,1016.1,23,45.5,21,0.0
2023-10-11T04:00,19.4,90,1015.4,18,45.7,20,0.0
2023-10-11T05:00,19.4,90,1014.4,10,47.1,21,0.0
2023-10-11T06:00,19.3,90,1013.6,22,47.4,21,0.0
2023-10-11T07:00,19.5,88,1013.5,31,42.5,20,0.0
2023-10-11T08:00,19.5,88,1013.1,55,46.9,21,0.0
2023-10-11T09:00,19.5,88,1012.9,42,47.0,20,0.0
2023-10-11T10:00,19.5,87,1013.6,21,44.4,18,0.0
2023-10-11T11:00,19.6,87,1013.6,76,44.2,21,0.0
2023-10-11T12:00,20.0,86,1012.9,58,38.4,20,0.0
2023-10-11T13:00,20.2,84,1012.2,100,36.2,22,0.0
2023-10-11T14:00,20.4,85,1012.0,100,35.3,25,0.0
2023-10-11T15:00,20.5,86,1011.2,100,39.3,24,0.0
2023-10-11T16:00,20.5,86,1011.2,100,35.3,20,0.0
2023-10-11T17:00,20.3,89,1010.7,100,33.3,25,0.1
2023-10-11T18:00,20.0,91,1010.0,100,26.6,33,2.4
2023-10-11T19:00,20.0,93,1009.3,100,29.7,31,0.9
2023-10-11T20:00,20.1,92,1010.7,100,22.0,2,0.7
2023-10-11T21:00,20.1,93,1010.4,100,21.5,35,4.0
2023-10-11T22:00,20.1,94,1010.3,100,21.3,39,0.6
2023-10-11T23:00,20.3,93,1010.4,100,26.0,24,0.6
2023-10-12T00:00,19.0,96,1013.4,100,7.5,17,0.9
2023-10-12T01:00,19.0,96,1013.9,100,11.1,324,3.7
2023-10-12T02:00,19.4,95,1014.5,100,16.3,256,4.2
2023-10-12T03:00,18.9,94,1014.7,100,31.4,230,3.9
2023-10-12T04:00,19.0,90,1013.5,100,34.1,219,1.7
2023-10-12T05:00,19.1,90,1012.7,100,32.8,218,0.8
2023-10-12T06:00,19.0,90,1011.6,100,32.7,214,2.3
2023-10-12T07:00,18.5,92,1011.2,100,32.6,222,6.8
2023-10-12T08:00,18.1,93,1011.7,100,38.5,228,7.4
2023-10-12T09:00,18.8,89,1012.2,100,37.7,212,3.3
2023-10-12T10:00,18.9,89,1012.7,100,31.6,204,4.7
2023-10-12T11:00,19.0,90,1013.3,100,30.3,190,3.6
2023-10-12T12:00,18.5,90,1014.2,100,37.4,193,4.5
2023-10-12T13:00,18.4,90,1014.3,100,34.3,184,1.8
2023-10-12T14:00,18.1,88,1014.7,100,42.5,181,2.6
2023-10-12T15:00,18.0,88,1014.6,100,36.0,178,1.1
2023-10-12T16:00,17.9,88,1014.8,100,32.1,182,0.3
2023-10-12T17:00,17.8,88,1014.7,100,33.1,182,0.3
2023-10-12T18:00,17.4,90,1014.4,100,34.6,178,0.3
2023-10-12T19:00,17.6,85,1014.3,100,38.2,181,0.1
2023-10-12T20:00,18.0,80,1014.7,100,35.6,180,0.0
2023-10-12T21:00,17.8,77,1015.7,100,34.9,180,0.0
2023-10-12T22:00,16.7,87,1016.9,100,33.2,176,0.4
2023-10-12T23:00,18.0,76,1017.4,100,33.5,180,0.4
2023-10-13T00:00,17.6,78,1018.7,100,34.8,191,0.0
2023-10-13T01:00,17.0,80,1019.3,100,33.5,201,0.2
2023-10-13T02:00,16.8,81,1019.6,100,32.2,207,0.4
2023-10-13T03:00,16.8,81,1019.5,100,35.0,209,0.3
2023-10-13T04:00,16.6,82,1019.2,100,35.3,206,0.1
2023-10-13T05:00,16.2,84,1019.2,100,30.5,213,0.3
2023-10-13T06:00,15.9,86,1018.8,100,27.3,222,0.2
2023-10-13T07:00,15.6,87,1018.9,100,26.5,226,0.3
2023-10-13T08:00,15.5,85,1019.6,100,28.0,233,0.4
2023-10-13T09:00,15.8,85,1020.4,100,30.6,226,0.2
2023-10-13T10:00,16.0,84,1021.1,100,30.3,217,0.2
2023-10-13T11:00,16.5,80,1021.7,95,30.3,207,0.1
2023-10-13T12:00,16.2,84,1022.8,100,20.8,203,0.0
2023-10-13T13:00,16.1,83,1022.9,100,19.8,205,0.1
2023-10-13T14:00,16.2,82,1023.0,100,20.0,206,0.1
2023-10-13T15:00,16.4,81,1022.7,100,18.8,209,0.0
2023-10-13T16:00,16.6,79,1022.7,100,17.7,209,0.0
2023-10-13T17:00,16.9,76,1022.4,100,15.9,205,0.0
2023-10-13T18:00,17.0,75,1021.9,100,16.5,203,0.0
2023-10-13T19:00,17.1,75,1021.6,99,16.8,208,0.0
2023-10-13T20:00,17.2,74,1021.7,100,16.3,208,0.0
2023-10-13T21:00,17.5,73,1021.9,100,15.8,201,0.0
2023-10-13T22:00,17.5,71,1022.3,100,15.0,201,0.0
2023-10-13T23:00,17.5,71,1022.8,100,14.0,198,0.0
2023-10-14T00:00,16.8,74,1024.3,100,11.2,184,0.0
2023-10-14T01:00,16.9,71,1024.5,99,6.9,189,0.0
2023-10-14T02:00,16.7,73,1024.7,92,6.6,229,0.0
2023-10-14T03:00,16.5,76,1024.2,74,7.9,246,0.0
2023-10-14T04:00,16.2,81,1023.8,21,10.5,254,0.0
2023-10-14T05:00,15.9,82,1023.5,19,11.5,268,0.1
2023-10-14T06:00,15.6,85,1023.1,10,13.0,264,0.0
2023-10-14T07:00,15.7,85,1023.1,7,13.3,251,0.0
2023-10-14T08:00,15.9,84,1023.1,25,12.1,243,0.0
2023-10-14T09:00,15.9,85,1023.7,5,11.0,251,0.0
2023-10-14T10:00,15.8,87,1024.4,9,11.4,252,0.0
2023-10-14T11:00,16.1,85,1025.1,6,10.6,242,0.0
2023-10-14T12:00,16.2,87,1026.2,11,10.6,252,0.0
2023-10-14T13:00,16.8,81,1026.5,99,5.9,223,0.0
2023-10-14T14:00,17.0,80,1026.3,100,4.4,171,0.0
2023-10-14T15:00,17.3,79,1025.7,100,5.1,129,0.0
2023-10-14T16:00,17.6,78,1025.2,100,6.5,87,0.0
2023-10-14T17:00,18.1,76,1024.5,100,10.3,65,0.0
2023-10-14T18:00,18.6,72,1024.0,100,15.4,53,0.0
2023-10-14T19:00,19.1,69,1023.6,100,20.1,54,0.0
2023-10-14T20:00,19.5,66,1023.4,100,24.4,56,0.0
2023-10-14T21:00,19.4,68,1023.5,100,33.4,48,0.0
2023-10-14T22:00,19.3,69,1023.6,100,31.3,52,0.0
2023-10-14T23:00,19.5,67,1024.1,100,30.1,43,0.0
2023-10-15T00:00,17.9,79,1025.0,100,35.9,45,0.1
2023-10-15T01:00,18.1,78,1025.2,36,35.7,37,0.1
2023-10-15T02:00,18.4,77,1025.2,33,35.8,39,0.1
2023-10-15T03:00,18.5,76,1024.7,50,32.4,42,0.0
2023-10-15T04:00,18.8,76,1024.1,85,31.9,32,0.1
2023-10-15T05:00,18.9,76,1023.5,90,26.8,24,0.1
2023-10-15T06:00,18.8,78,1023.0,32,28.5,16,0.0
2023-10-15T07:00,18.5,81,1022.9,11,32.8,23,0.0
2023-10-15T08:00,18.3,83,1022.9,19,34.0,28,0.0
2023-10-15T09:00,18.6,81,1023.4,38,30.8,27,0.0
2023-10-15T10:00,18.9,79,1023.9,24,27.3,21,0.0
2023-10-15T11:00,19.0,81,1024.2,24,26.9,16,0.0
2023-10-15T12:00,18.9,82,1024.5,17,30.8,24,0.0
2023-10-15T13:00,18.8,84,1024.3,42,31.1,25,0.0
2023-10-15T14:00,18.9,85,1024.0,28,30.7,31,0.0
2023-10-15T15:00,19.0,85,1023.1,65,34.0,33,0.0
2023-10-15T16:00,19.1,84,1022.1,18,35.8,36,0.0
2023-10-15T17:00,19.2,84,1021.3,20,35.5,37,0.0
2023-10-15T18:00,19.5,83,1020.6,38,36.2,37,0.0
2023-10-15T19:00,19.5,83,1020.1,18,37.1,36,0.0
2023-10-15T20:00,19.6,83,1019.8,12,37.7,38,0.0
2023-10-15T21:00,19.7,83,1019.8,75,40.0,36,0.0
2023-10-15T22:00,19.7,85,1019.9,23,38.4,34,0.0
2023-10-15T23:00,19.6,86,1020.1,80,37.9,33,0.0
2023-10-16T00:00,19.4,88,1020.8,100,34.8,33,0.0
2023-10-16T01:00,19.3,89,1020.7,100,33.4,33,0.1
2023-10-16T02:00,19.3,90,1020.8,100,31.6,30,0.1
2023-10-16T03:00,19.2,92,1019.9,99,32.4,30,0.0
2023-10-16T04:00,19.2,92,1019.1,95,33.7,29,0.0
2023-10-16T05:00,19.3,92,1018.3,98,34.6,28,0.0
2023-10-16T06:00,19.4,93,1017.6,88,35.6,28,0.0
2023-10-16T07:00,19.4,93,1016.9,100,36.9,29,0.0
2023-10-16T08:00,19.5,93,1016.7,75,36.4,30,0.0
2023-10-16T09:00,19.5,94,1016.6,73,37.5,31,0.0
2023-10-16T10:00,19.6,94,1017.5,100,38.0,29,0.0
2023-10-16T11:00,19.6,94,1017.3,100,39.4,31,0.0
2023-10-16T12:00,19.4,94,1017.2,100,37.3,34,0.0
2023-10-16T13:00,19.4,94,1017.3,100,35.3,30,0.3
2023-10-16T14:00,19.5,93,1017.1,100,35.1,24,1.0
2023-10-16T15:00,19.6,92,1015.7,100,38.6,22,1.4
2023-10-16T16:00,19.8,91,1015.5,100,36.0,16,0.7
2023-10-16T17:00,19.8,91,1015.1,100,36.0,14,5.4
2023-10-16T18:00,19.8,93,1015.2,100,28.1,16,3.2
2023-10-16T19:00,19.6,94,1013.3,100,39.6,21,3.2
2023-10-16T20:00,19.8,94,1013.6,100,37.9,9,0.2
2023-10-16T21:00,20.0,93,1013.3,100,38.1,18,0.3
2023-10-16T22:00,20.0,94,1013.6,100,38.0,13,1.4
2023-10-16T23:00,20.5,92,1013.9,100,41.2,12,1.3
2023-10-17T00:00,19.1,94,1018.3,100,19.1,356,3.7
2023-10-17T01:00,19.2,93,1016.4,100,38.5,360,3.3
2023-10-17T02:00,19.7,88,1014.0,100,41.8,3,0.9
2023-10-17T03:00,20.0,84,1013.1,100,35.7,4,0.5
2023-10-17T04:00,20.5,79,1012.0,100,37.0,22,0.4
2023-10-17T05:00,20.4,81,1010.5,100,40.7,22,0.3
2023-10-17T06:00,20.1,83,1010.2,100,33.0,22,0.0
2023-10-17T07:00,20.0,84,1009.8,100,29.9,31,0.0
2023-10-17T08:00,20.0,84,1010.1,100,25.3,23,0.0
2023-10-17T09:00,19.6,87,1010.4,99,19.4,1,0.0
2023-10-17T10:00,19.5,88,1011.6,100,13.4,297,0.0
2023-10-17T11:00,20.0,86,1012.1,100,16.1,250,0.0
2023-10-17T12:00,20.3,85,1012.6,100,24.7,236,0.0
2023-10-17T13:00,20.2,87,1012.9,100,25.3,230,0.0
2023-10-17T14:00,20.0,87,1013.5,100,24.7,227,0.0
2023-10-17T15:00,20.0,86,1014.1,100,24.4,224,0.0
2023-10-17T16:00,19.6,89,1013.8,100,24.0,210,0.0
2023-10-17T17:00,19.3,94,1013.8,100,27.1,203,0.2
2023-10-17T18:00,19.1,95,1014.1,100,26.3,203,0.2
2023-10-17T19:00,19.2,93,1014.3,100,27.2,209,0.2
2023-10-17T20:00,19.4,88,1014.4,100,29.5,207,0.2
2023-10-17T21:00,19.5,86,1014.7,100,34.8,208,0.0
2023-10-17T22:00,19.1,84,1015.9,100,31.6,212,0.0
2023-10-17T23:00,18.8,84,1017.1,100,24.0,220,0.3
2023-10-18T00:00,18.3,87,1019.3,100,37.2,210,0.0
2023-10-18T01:00,18.0,88,1019.9,99,35.7,215,0.1
2023-10-18T02:00,18.0,85,1020.5,100,35.0,220,0.0
2023-10-18T03:00,17.8,84,1020.2,100,34.9,223,0.0
2023-10-18T04:00,17.8,80,1019.6,100,35.6,219,0.0
2023-10-18T05:00,17.6,77,1019.3,100,34.2,220,0.0
2023-10-18T06:00,17.4,77,1019.4,100,33.4,221,0.0
2023-10-18T07:00,17.1,78,1019.1,90,34.4,214,0.0
2023-10-18T08:00,17.1,78,1019.4,100,32.3,213,0.0
2023-10-18T09:00,17.1,77,1020.1,100,31.7,214,0.0
2023-10-18T10:00,17.3,77,1020.8,100,30.5,213,0.0
2023-10-18T11:00,17.5,77,1021.6,100,29.2,218,0.0
2023-10-18T12:00,17.3,80,1022.4,88,32.0,219,0.0
2023-10-18T13:00,17.5,78,1022.0,92,29.5,219,0.0
2023-10-18T14:00,17.5,78,1022.3,88,31.0,218,0.0
2023-10-18T15:00,17.8,76,1022.2,100,30.2,218,0.0
2023-10-18T16:00,18.0,74,1021.6,100,26.6,213,0.0
2023-10-18T17:00,18.1,74,1020.9,100,25.8,208,0.0
2023-10-18T18:00,18.2,72,1020.7,100,24.5,204,0.0
2023-10-18T19:00,18.4,72,1020.2,100,21.3,196,0.0
2023-10-18T20:00,18.5,75,1020.5,100,24.8,189,0.0
2023-10-18T21:00,18.4,77,1020.5,100,24.4,193,0.0
2023-10-18T22:00,18.9,69,1020.7,100,19.6,186,0.0
2023-10-18T23:00,19.1,61,1021.3,100,15.9,174,0.0
2023-10-19T00:00,18.9,64,1022.5,100,15.0,170,0.0
2023-10-19T01:00,19.0,64,1022.6,100,13.6,168,0.0
2023-10-19T02:00,19.0,63,1022.8,100,9.2,169,0.0
2023-10-19T03:00,19.0,61,1022.7,100,6.3,211,0.0
2023-10-19T04:00,18.9,62,1022.1,99,8.0,234,0.0
2023-10-19T05:00,18.2,71,1021.6,100,10.9,243,0.0
2023-10-19T06:00,17.8,79,1021.1,100,12.9,247,0.0
2023-10-19T07:00,17.4,82,1021.0,100,14.9,262,0.0
2023-10-19T08:00,17.3,84,1021.3,100,17.2,254,0.0
2023-10-19T09:00,17.2,84,1021.9,99,16.0,247,0.0
2023-10-19T10:00,17.4,83,1022.5,83,14.7,239,0.0
2023-10-19T11:00,17.5,82,1022.8,64,13.0,236,0.0
2023-10-19T12:00,17.4,86,1023.6,70,11.7,252,0.0
2023-10-19T13:00,17.5,84,1023.8,100,10.0,244,0.0
2023-10-19T14:00,17.7,83,1023.9,100,11.4,252,0.1
2023-10-19T15:00,17.8,80,1023.4,100,10.4,250,0.0
2023-10-19T16:00,18.0,77,1023.0,100,7.9,240,0.0
2023-10-19T17:00,18.2,75,1022.3,100,5.1,225,0.0
2023-10-19T18:00,18.4,74,1021.8,100,1.5,104,0.0
2023-10-19T19:00,18.7,71,1021.1,66,6.4,52,0.0
2023-10-19T20:00,19.0,66,1020.9,16,9.8,62,0.0
2023-10-19T21:00,19.2,62,1020.9,60,12.3,58,0.0
2023-10-19T22:00,19.2,63,1021.1,100,12.8,50,0.0
2023-10-19T23:00,19.2,63,1021.4,100,15.5,48,0.0
2023-10-20T00:00,18.9,67,1021.9,100,18.4,64,0.0
2023-10-20T01:00,19.0,66,1022.0,100,16.3,59,0.0
2023-10-20T02:00,19.0,67,1022.0,100,15.9,52,0.0
2023-10-20T03:00,19.0,68,1021.9,100,17.0,58,0.0
2023-10-20T04:00,19.1,69,1021.2,100,17.6,55,0.0
2023-10-20T05:00,19.1,70,1020.3,100,18.8,47,0.0
2023-10-20T06:00,19.1,71,1019.9,100,19.3,33,0.0
2023-10-20T07:00,19.0,73,1019.4,100,20.3,25,0.0
2023-10-20T08:00,19.0,74,1019.4,100,15.8,35,0.0
2023-10-20T09:00,19.0,76,1020.3,100,11.9,35,0.0
2023-10-20T10:00,19.0,78,1020.6,100,13.8,33,0.0
2023-10-20T11:00,19.0,79,1020.8,100,14.1,38,0.0
2023-10-20T12:00,19.2,74,1021.5,100,11.7,56,0.0
2023-10-20T13:00,19.2,74,1021.5,100,10.4,46,0.0
2023-10-20T14:00,18.8,79,1021.5,100,12.2,34,0.0
2023-10-20T15:00,18.6,81,1021.0,100,12.7,47,0.0
2023-10-20T16:00,18.8,81,1020.5,93,16.1,51,0.0
2023-10-20T17:00,19.1,79,1019.8,77,20.6,46,0.0
2023-10-20T18:00,19.1,80,1019.3,26,21.6,46,0.0
2023-10-20T19:00,19.4,78,1019.0,16,22.1,44,0.0
2023-10-20T20:00,19.5,79,1019.1,71,19.4,48,0.0
2023-10-20T21:00,19.6,79,1018.9,100,21.3,53,0.0
2023-10-20T22:00,19.6,80,1018.9,100,22.5,50,0.0
2023-10-20T23:00,19.7,81,1019.2,100,21.9,48,0.0
2023-10-21T00:00,19.4,81,1020.8,100,20.1,44,0.0
2023-10-21T01:00,19.2,83,1020.7,100,20.1,36,0.0
2023-10-21T02:00,19.0,84,1020.7,100,20.6,36,0.0
2023-10-21T03:00,19.1,85,1020.1,100,22.7,36,0.0
2023-10-21T04:00,19.2,84,1019.3,100,25.3,36,0.0
2023-10-21T05:00,19.2,84,1018.7,100,25.6,38,0.0
2023-10-21T06:00,19.3,84,1018.5,100,26.4,38,0.0
2023-10-21T07:00,19.4,84,1018.6,100,25.3,40,0.0
2023-10-21T08:00,19.4,85,1019.1,100,24.9,39,0.0
2023-10-21T09:00,19.4,85,1019.7,96,23.9,37,0.0
2023-10-21T10:00,19.3,87,1020.2,12,24.3,35,0.0
2023-10-21T11:00,19.2,88,1020.3,1,23.7,36,0.0
2023-10-21T12:00,19.2,89,1021.3,1,21.4,45,0.0
2023-10-21T13:00,19.2,89,1021.2,81,22.4,46,0.0
2023-10-21T14:00,19.4,89,1021.3,32,23.5,49,0.0
2023-10-21T15:00,19.4,90,1021.0,3,24.8,49,0.0
2023-10-21T16:00,19.5,89,1020.5,1,26.2,53,0.0
2023-10-21T17:00,19.6,87,1020.2,7,26.1,51,0.0
2023-10-21T18:00,19.8,86,1019.9,14,25.7,47,0.0
2023-10-21T19:00,19.9,84,1019.5,14,27.5,48,0.0
2023-10-21T20:00,20.0,83,1019.5,20,29.5,45,0.0
2023-10-21T21:00,20.0,83,1019.3,16,30.3,45,0.0
2023-10-21T22:00,20.0,82,1019.5,11,31.6,42,0.0
2023-10-21T23:00,20.0,82,1020.0,7,32.1,41,0.0
2023-10-22T00:00,19.6,84,1020.7,4,33.2,41,0.0
2023-10-22T01:00,19.6,84,1020.4,3,34.4,38,0.0
2023-10-22T02:00,19.5,84,1020.2,3,35.9,36,0.0
2023-10-22T03:00,19.5,84,1019.6,3,36.1,33,0.0
2023-10-22T04:00,19.5,85,1018.9,7,36.9,33,0.0
2023-10-22T05:00,19.5,85,1018.1,11,37.7,33,0.0
2023-10-22T06:00,19.5,85,1017.7,7,37.9,33,0.0
2023-10-22T07:00,19.5,85,1017.5,10,39.8,35,0.0
2023-10-22T08:00,19.4,87,1017.5,1,39.2,32,0.0
2023-10-22T09:00,19.4,88,1017.8,3,39.0,29,0.0
2023-10-22T10:00,19.4,88,1018.5,57,38.7,29,0.0
2023-10-22T11:00,19.3,87,1018.5,52,40.2,31,0.0
2023-10-22T12:00,19.5,88,1018.5,78,39.8,35,0.0
2023-10-22T13:00,19.5,88,1018.0,82,41.0,36,0.0
2023-10-22T14:00,19.7,87,1016.9,30,43.7,37,0.0
2023-10-22T15:00,19.9,85,1016.2,99,45.3,37,0.0
2023-10-22T16:00,20.0,85,1015.5,100,48.2,36,0.0
2023-10-22T17:00,20.1,85,1014.7,100,48.8,36,0.0
2023-10-22T18:00,20.1,84,1014.4,100,48.3,35,0.0
2023-10-22T19:00,20.1,84,1014.3,100,46.6,34,0.0
2023-10-22T20:00,20.2,83,1014.7,100,45.0,35,0.0
2023-10-22T21:00,20.2,83,1014.8,100,44.5,32,0.0
2023-10-22T22:00,20.2,84,1014.9,100,44.1,28,0.0
2023-10-22T23:00,20.2,85,1015.0,100,45.6,29,0.0
2023-10-23T00:00,20.1,85,1016.6,100,39.8,27,0.0
2023-10-23T01:00,20.0,86,1016.8,3,38.0,25,0.0
2023-10-23T02:00,19.8,87,1016.8,20,35.0,24,0.0
2023-10-23T03:00,19.7,88,1015.9,56,35.6,21,0.0
2023-10-23T04:00,19.6,89,1014.8,100,36.2,22,0.0
2023-10-23T05:00,19.6,89,1014.0,100,37.2,20,0.0
2023-10-23T06:00,19.6,89,1013.2,100,39.8,24,0.0
2023-10-23T07:00,19.7,90,1012.3,100,44.3,26,0.0
2023-10-23T08:00,19.9,90,1012.1,100,44.1,20,0.0
2023-10-23T09:00,19.9,91,1012.6,97,42.9,24,0.0
2023-10-23T10:00,19.9,91,1013.2,60,42.4,25,0.0
2023-10-23T11:00,19.9,91,1013.5,31,39.1,22,0.0
2023-10-23T12:00,20.0,91,1013.6,69,38.0,26,0.0
2023-10-23T13:00,20.0,91,1013.8,100,35.0,29,0.0
2023-10-23T14:00,20.3,89,1013.8,100,36.6,29,0.0
2023-10-23T15:00,20.4,89,1013.2,100,37.7,29,0.0
2023-10-23T16:00,20.1,91,1012.7,100,34.9,25,0.0
2023-10-23T17:00,20.0,92,1011.9,100,33.2,29,0.0
2023-10-23T18:00,20.0,93,1011.3,100,33.4,30,0.0
2023-10-23T19:00,20.1,92,1011.2,100,33.5,27,0.0
2023-10-23T20:00,20.1,92,1011.6,100,31.7,29,0.0
2023-10-23T21:00,20.2,92,1011.7,100,32.5,31,0.0
2023-10-23T22:00,20.3,93,1012.1,97,33.5,32,0.0
2023-10-23T23:00,20.4,93,1012.1,100,35.6,32,0.0
2023-10-24T00:00,20.2,93,1012.2,100,34.1,39,0.0
2023-10-24T01:00,20.1,94,1011.9,100,33.0,32,0.0
2023-10-24T02:00,20.0,95,1011.7,98,34.7,34,0.0
2023-10-24T03:00,20.0,95,1011.0,100,35.8,30,0.0
2023-10-24T04:00,20.0,95,1010.3,100,36.4,23,0.0
2023-10-24T05:00,20.0,95,1009.4,83,37.7,24,0.0
2023-10-24T06:00,20.1,94,1008.8,100,36.1,20,0.0
2023-10-24T07:00,20.1,94,1008.5,100,35.8,22,0.0
2023-10-24T08:00,20.1,94,1008.2,8,34.5,23,0.0
2023-10-24T09:00,20.1,94,1008.0,3,32.2,25,0.0
2023-10-24T10:00,20.0,94,1008.1,2,29.1,26,0.0
2023-10-24T11:00,20.0,95,1008.2,2,25.9,25,0.0
2023-10-24T12:00,19.7,96,1008.2,0,25.0,27,0.0
2023-10-24T13:00,19.5,99,1007.6,99,15.3,27,0.0
2023-10-24T14:00,19.2,100,1007.3,100,14.3,43,0.0
2023-10-24T15:00,19.2,100,1006.8,100,12.8,52,0.0
2023-10-24T16:00,19.4,100,1006.6,100,7.3,33,0.0
2023-10-24T17:00,19.2,100,1006.4,100,6.3,239,0.0
2023-10-24T18:00,19.8,98,1006.5,100,20.9,222,0.0
2023-10-24T19:00,20.3,94,1006.9,100,19.9,224,0.0
2023-10-24T20:00,20.6,93,1007.6,100,18.7,214,0.0
2023-10-24T21:00,20.7,93,1008.4,100,21.3,214,0.0
2023-10-24T22:00,20.9,92,1008.9,100,25.3,203,0.1
2023-10-24T23:00,20.8,90,1009.2,100,25.5,203,0.1
2023-10-25T00:00,20.5,88,1009.5,100,24.3,212,0.0
2023-10-25T01:00,20.0,89,1010.0,100,26.3,216,0.1
2023-10-25T02:00,19.9,89,1010.4,100,31.1,223,0.1
2023-10-25T03:00,19.5,86,1010.5,100,34.0,219,0.1
2023-10-25T04:00,19.2,87,1009.9,100,37.2,218,0.0
2023-10-25T05:00,19.1,88,1010.1,100,33.5,219,0.0
2023-10-25T06:00,19.0,87,1010.0,100,37.2,218,0.0
2023-10-25T07:00,18.9,87,1010.3,97,34.3,216,0.0
2023-10-25T08:00,19.0,84,1010.8,35,34.3,216,0.0
2023-10-25T09:00,19.0,81,1011.1,9,33.7,212,0.0
2023-10-25T10:00,19.0,81,1011.6,11,29.2,213,0.0
2023-10-25T11:00,18.9,80,1011.7,5,25.9,215,0.0
2023-10-25T12:00,18.6,83,1012.0,3,24.7,214,0.0
2023-10-25T13:00,18.9,83,1012.4,5,25.9,212,0.0
2023-10-25T14:00,18.9,81,1011.9,3,25.0,205,0.0
2023-10-25T15:00,18.8,82,1011.3,0,25.2,197,0.0
2023-10-25T16:00,19.0,81,1010.5,8,26.2,189,0.0
2023-10-25T17:00,19.1,81,1009.5,25,28.4,180,0.0
2023-10-25T18:00,19.4,79,1008.2,17,31.7,168,0.0
2023-10-25T19:00,19.6,76,1007.9,88,28.0,173,0.0
2023-10-25T20:00,19.6,77,1008.7,95,22.1,187,0.0
2023-10-25T21:00,19.4,78,1009.2,38,19.1,183,0.0
2023-10-25T22:00,19.3,79,1009.8,53,14.6,196,0.0
2023-10-25T23:00,19.2,79,1010.3,83,10.2,212,0.0
2023-10-26T00:00,19.3,80,1011.0,100,12.2,227,0.0
2023-10-26T01:00,18.7,81,1011.0,100,10.8,270,0.2
2023-10-26T02:00,18.7,81,1011.1,87,14.8,267,0.0
2023-10-26T03:00,18.6,83,1011.0,83,16.1,241,0.0
2023-10-26T04:00,18.7,82,1010.5,75,15.8,225,0.0
2023-10-26T05:00,18.6,81,1009.9,24,15.5,228,0.0
2023-10-26T06:00,18.7,81,1009.5,17,17.7,219,0.0
2023-10-26T07:00,18.8,78,1009.6,19,22.3,203,0.0
2023-10-26T08:00,18.5,77,1009.7,40,24.2,203,0.0
2023-10-26T09:00,18.5,76,1010.2,62,23.8,207,0.0
2023-10-26T10:00,18.5,75,1011.1,77,25.3,206,0.0
2023-10-26T11:00,18.5,74,1011.7,86,27.6,204,0.0
2023-10-26T12:00,18.4,76,1012.1,100,28.6,203,0.0
2023-10-26T13:00,18.5,74,1012.3,100,31.5,199,0.0
2023-10-26T14:00,18.5,75,1012.1,99,30.4,197,0.0
2023-10-26T15:00,18.6,75,1011.4,87,28.7,198,0.0
2023-10-26T16:00,18.6,74,1011.1,94,27.5,194,0.0
2023-10-26T17:00,18.6,74,1010.3,84,26.1,187,0.0
2023-10-26T18:00,18.6,74,1009.6,57,26.3,180,0.0
2023-10-26T19:00,18.6,74,1009.6,50,24.8,180,0.0
2023-10-26T20:00,18.8,73,1010.0,22,23.8,177,0.0
2023-10-26T21:00,18.8,71,1010.7,18,20.6,174,0.0
2023-10-26T22:00,18.8,68,1011.4,100,14.8,167,0.0
2023-10-26T23:00,18.9,66,1012.5,100,11.4,167,0.0
2023-10-27T00:00,18.8,66,1013.4,100,10.6,170,0.0
2023-10-27T01:00,18.9,65,1013.7,100,6.2,173,0.0
2023-10-27T02:00,18.9,63,1013.9,100,2.4,153,0.0
2023-10-27T03:00,18.9,62,1013.9,17,3.1,54,0.0
2023-10-27T04:00,19.0,63,1013.3,69,8.5,28,0.0
2023-10-27T05:00,19.0,63,1012.5,36,11.4,35,0.0
2023-10-27T06:00,19.0,66,1011.9,1,13.2,43,0.0
2023-10-27T07:00,19.0,69,1011.8,0,15.2,31,0.0
2023-10-27T08:00,19.0,71,1011.9,1,18.3,32,0.0
2023-10-27T09:00,19.1,73,1012.3,4,23.0,32,0.0
2023-10-27T10:00,19.2,75,1012.7,9,25.7,31,0.0
2023-10-27T11:00,19.5,74,1013.0,25,27.3,31,0.0
2023-10-27T12:00,19.6,73,1013.5,22,29.8,27,0.0
2023-10-27T13:00,19.8,74,1013.1,89,30.1,32,0.0
2023-10-27T14:00,19.7,76,1013.1,100,31.1,27,0.0
2023-10-27T15:00,20.0,74,1012.4,100,34.9,26,0.0
2023-10-27T16:00,20.0,77,1011.7,100,35.3,29,0.0
2023-10-27T17:00,20.2,78,1010.7,100,39.1,31,0.0
2023-10-27T18:00,20.5,80,1009.4,100,39.5,32,0.0
2023-10-27T19:00,20.5,82,1009.5,67,38.6,31,0.0
2023-10-27T20:00,20.8,82,1009.8,100,39.2,30,0.0
2023-10-27T21:00,20.9,83,1010.2,100,39.4,31,0.0
2023-10-27T22:00,20.8,85,1010.1,100,40.2,34,0.0
2023-10-27T23:00,20.8,86,1011.0,100,41.1,27,0.0
2023-10-28T00:00,20.6,88,1011.6,100,44.1,26,0.0
2023-10-28T01:00,20.5,88,1011.5,100,40.3,32,0.0
2023-10-28T02:00,20.6,88,1011.1,38,44.0,32,0.0
2023-10-28T03:00,20.5,89,1010.4,79,46.9,31,0.0
2023-10-28T04:00,20.7,89,1009.8,100,45.5,30,0.0
2023-10-28T05:00,20.7,91,1009.0,100,46.1,30,0.0
2023-10-28T06:00,20.8,91,1008.5,100,47.2,30,0.0
2023-10-28T07:00,20.9,91,1007.7,100,48.0,30,0.0
2023-10-28T08:00,21.0,92,1007.7,100,50.6,27,0.0
2023-10-28T09:00,21.0,93,1007.5,100,49.8,25,0.1
2023-10-28T10:00,21.1,92,1008.2,100,52.4,17,0.3
2023-10-28T11:00,21.2,92,1008.8,100,51.9,18,0.8
2023-10-28T12:00,21.1,92,1010.3,100,44.3,22,3.1
2023-10-28T13:00,21.2,92,1010.1,100,34.3,24,4.5
2023-10-28T14:00,21.1,93,1009.4,100,34.5,25,5.8
2023-10-28T15:00,21.0,94,1008.9,100,36.3,30,3.7
2023-10-28T16:00,21.0,94,1007.7,100,37.6,39,3.5
2023-10-28T17:00,21.0,94,1006.7,100,35.2,42,3.4
2023-10-28T18:00,20.9,95,1006.5,100,26.2,32,3.1
2023-10-28T19:00,20.8,96,1004.8,100,34.4,48,9.7
2023-10-28T20:00,21.0,95,1005.0,100,36.6,33,1.2
2023-10-28T21:00,21.0,96,1004.4,100,39.6,28,0.7
2023-10-28T22:00,21.0,96,1004.3,100,42.9,23,0.7
2023-10-28T23:00,21.2,95,1004.6,100,41.1,23,0.3
2023-10-29T00:00,21.2,95,1004.3,100,45.1,28,0.4
2023-10-29T01:00,21.2,94,1005.5,100,29.5,24,0.0
2023-10-29T02:00,21.4,94,1005.2,100,28.7,15,0.0
2023-10-29T03:00,21.2,94,1004.3,100,27.9,15,0.3
2023-10-29T04:00,21.1,95,1002.9,100,27.7,16,0.8
2023-10-29T05:00,21.0,95,1001.6,100,24.9,14,1.7
2023-10-29T06:00,21.0,95,1000.5,100,23.8,27,2.3
2023-10-29T07:00,21.0,94,1000.4,100,24.0,30,1.4
2023-10-29T08:00,20.7,95,1002.2,100,9.2,296,1.9
2023-10-29T09:00,20.6,94,1003.3,100,19.7,220,3.0
2023-10-29T10:00,20.6,93,1003.8,100,10.1,266,1.8
2023-10-29T11:00,20.5,93,1003.8,100,15.5,257,3.6
2023-10-29T12:00,21.0,89,1004.8,100,16.2,307,0.2
2023-10-29T13:00,21.5,88,1004.1,85,13.4,354,0.0
2023-10-29T14:00,21.5,88,1004.2,68,12.1,10,0.0
2023-10-29T15:00,21.3,89,1004.4,88,9.5,81,0.0
2023-10-29T16:00,20.6,93,1004.3,5,16.3,84,0.0
2023-10-29T17:00,21.1,92,1004.2,80,17.7,61,0.0
2023-10-29T18:00,21.5,91,1004.0,73,13.9,69,0.0
2023-10-29T19:00,21.7,91,1004.5,95,10.3,102,0.0
2023-10-29T20:00,21.7,91,1005.5,78,6.2,83,0.0
2023-10-29T21:00,22.0,88,1006.2,77,3.3,103,0.0
2023-10-29T22:00,22.2,84,1006.9,90,2.6,16,0.0
2023-10-29T23:00,21.4,91,1007.8,99,9.1,353,0.0
2023-10-30T00:00,21.2,93,1008.6,98,7.7,349,0.0
2023-10-30T01:00,21.3,87,1009.3,95,6.0,335,0.0
2023-10-30T02:00,21.5,85,1009.0,90,5.0,330,0.0
2023-10-30T03:00,21.1,89,1008.8,93,7.1,330,0.0
2023-10-30T04:00,21.0,90,1008.4,92,7.4,317,0.0
2023-10-30T05:00,21.0,91,1008.4,95,7.7,311,0.0
2023-10-30T06:00,20.9,93,1008.4,83,7.6,335,0.0
2023-10-30T07:00,20.9,93,1008.0,34,9.0,358,0.0
2023-10-30T08:00,20.9,91,1008.5,12,11.6,5,0.0
2023-10-30T09:00,20.8,91,1008.7,41,12.7,25,0.0
2023-10-30T10:00,20.8,90,1009.2,60,16.9,27,0.0
2023-10-30T11:00,20.8,89,1009.8,85,19.1,22,0.0
2023-10-30T12:00,20.9,89,1010.4,98,20.3,33,0.0
2023-10-30T13:00,21.7,91,1009.8,21,19.4,79,0.0
2023-10-30T14:00,22.0,90,1009.4,48,26.3,91,0.0
2023-10-30T15:00,22.0,90,1009.0,90,28.1,88,0.0
2023-10-30T16:00,22.1,91,1009.3,100,23.1,72,0.0
2023-10-30T17:00,22.2,91,1008.7,99,21.5,52,1.4
2023-10-30T18:00,22.1,92,1007.7,98,23.1,53,2.0
2023-10-30T19:00,22.1,92,1008.4,100,17.4,40,2.9
2023-10-30T20:00,22.1,93,1008.0,100,22.7,67,1.3
2023-10-30T21:00,22.1,94,1008.8,100,18.4,86,2.5
2023-10-30T22:00,22.0,95,1009.7,100,16.2,94,2.0
2023-10-30T23:00,22.0,94,1010.2,100,19.7,98,1.7
2023-10-31T00:00,22.1,93,1009.7,100,29.7,83,0.5
2023-10-31T01:00,21.5,96,1011.0,100,8.7,24,0.1
2023-10-31T02:00,21.4,96,1011.0,100,4.1,45,0.2
2023-10-31T03:00,21.3,96,1010.7,100,3.9,124,0.2
2023-10-31T04:00,21.1,98,1010.3,100,6.6,151,1.0
2023-10-31T05:00,21.0,96,1009.9,100,18.4,163,1.3
2023-10-31T06:00,21.4,91,1010.0,100,24.8,152,1.6
2023-10-31T07:00,21.3,89,1010.3,100,25.6,163,0.7
2023-10-31T08:00,21.2,90,1010.6,100,27.1,155,0.5
2023-10-31T09:00,21.4,89,1011.3,100,22.3,149,0.0
2023-10-31T10:00,21.4,90,1012.0,70,18.6,158,0.0
2023-10-31T11:00,21.2,91,1012.6,96,18.6,171,0.0
2023-10-31T12:00,21.1,90,1013.0,100,22.7,178,0.0
2023-10-31T13:00,20.7,92,1013.8,100,20.4,159,1.3
2023-10-31T14:00,20.9,90,1013.7,100,18.3,170,0.6
2023-10-31T15:00,20.9,89,1013.7,100,18.0,180,0.1
2023-10-31T16:00,20.8,90,1013.3,100,21.7,174,0.0
2023-10-31T17:00,20.8,90,1012.9,100,24.4,166,0.0
2023-10-31T18:00,20.9,89,1012.8,100,24.4,166,0.0
2023-10-31T19:00,20.9,89,1012.5,100,22.7,162,0.0
2023-10-31T20:00,20.8,89,1012.5,100,21.1,160,0.0
2023-10-31T21:00,20.8,89,1012.7,100,22.4,156,0.0
2023-10-31T22:00,20.8,89,1013.1,100,22.3,146,0.2
2023-10-31T23:00,21.1,85,1013.6,100,24.3,140,0.1
2023-11-01T00:00,21.0,85,1014.4,89,24.9,135,0.0
2023-11-01T01:00,20.5,88,1015.2,78,22.5,140,0.0
2023-11-01T02:00,20.6,86,1015.2,19,20.1,136,0.0
2023-11-01T03:00,20.5,86,1015.1,45,18.1,139,0.0
2023-11-01T04:00,20.6,85,1014.5,40,17.4,140,0.0
2023-11-01T05:00,20.5,85,1014.1,42,16.7,143,0.0
2023-11-01T06:00,20.4,86,1014.0,26,17.8,144,0.0
2023-11-01T07:00,20.3,86,1014.3,25,16.9,151,0.0
2023-11-01T08:00,20.3,85,1014.4,23,15.0,153,0.0
2023-11-01T09:00,20.2,86,1014.8,36,16.7,155,0.0
2023-11-01T10:00,20.2,86,1015.6,39,18.2,153,0.0
2023-11-01T11:00,20.3,84,1015.9,55,17.7,151,0.0
2023-11-01T12:00,20.5,83,1016.6,100,18.5,153,0.0
2023-11-01T13:00,20.4,83,1017.1,36,21.7,159,0.0
2023-11-01T14:00,20.4,82,1016.9,46,22.7,155,0.0
2023-11-01T15:00,20.2,84,1016.7,55,23.0,139,0.0
2023-11-01T16:00,20.5,82,1016.6,94,23.7,133,0.0
2023-11-01T17:00,20.6,81,1015.9,56,27.0,127,0.0
2023-11-01T18:00,20.5,82,1015.7,33,27.5,122,0.0
2023-11-01T19:00,20.5,82,1015.4,15,26.4,118,0.0
2023-11-01T20:00,20.4,83,1015.4,20,24.8,114,0.0
2023-11-01T21:00,20.4,83,1015.3,97,24.5,110,0.0
2023-11-01T22:00,20.4,82,1015.8,99,24.7,111,0.0
2023-11-01T23:00,20.4,82,1016.5,100,24.9,112,0.0
2023-11-02T00:00,20.3,82,1017.0,99,26.1,105,0.0
2023-11-02T01:00,20.4,79,1016.5,91,25.7,95,0.0
2023-11-02T02:00,20.3,80,1016.9,99,23.9,84,0.0
2023-11-02T03:00,20.2,80,1017.5,100,19.7,82,0.0
2023-11-02T04:00,19.5,85,1017.5,100,19.4,91,0.1
2023-11-02T05:00,19.4,86,1017.0,100,19.2,96,0.1
2023-11-02T06:00,19.4,86,1016.0,100,22.8,96,0.1
2023-11-02T07:00,19.8,84,1015.4,100,26.3,86,0.2
2023-11-02T08:00,20.4,78,1015.5,98,27.8,87,0.1
2023-11-02T09:00,20.0,80,1015.8,100,31.3,91,0.0
2023-11-02T10:00,20.2,79,1015.9,99,32.8,92,0.0
2023-11-02T11:00,20.2,80,1016.5,100,33.1,91,0.0
2023-11-02T12:00,20.2,80,1016.8,100,33.5,87,0.1
2023-11-02T13:00,20.9,76,1016.7,100,35.9,71,0.0
2023-11-02T14:00,20.6,80,1015.8,100,36.5,64,0.0
2023-11-02T15:00,20.8,79,1014.9,99,36.9,58,0.0
2023-11-02T16:00,21.0,79,1014.3,100,36.9,52,0.0
2023-11-02T17:00,21.1,79,1014.1,100,36.0,49,0.0
2023-11-02T18:00,21.0,81,1013.0,100,39.6,49,0.0
2023-11-02T19:00,21.0,84,1012.6,100,41.8,44,0.0
2023-11-02T20:00,21.1,83,1011.6,100,44.8,47,0.2
2023-11-02T21:00,21.2,84,1011.3,100,43.0,43,0.8
2023-11-02T22:00,21.0,87,1011.0,100,48.7,42,0.7
2023-11-02T23:00,20.8,89,1010.4,100,49.9,46,1.6
2023-11-03T00:00,21.0,89,1010.8,100,48.7,38,1.5
2023-11-03T01:00,20.5,87,1011.5,100,45.8,44,0.6
2023-11-03T02:00,20.8,88,1011.3,100,44.7,40,0.4
2023-11-03T03:00,20.9,88,1010.6,100,47.9,34,0.3
2023-11-03T04:00,20.6,90,1010.0,100,44.6,27,1.6
2023-11-03T05:00,21.2,87,1009.3,100,44.1,22,2.6
2023-11-03T06:00,21.3,87,1005.8,100,64.4,21,2.2
2023-11-03T07:00,21.4,88,1005.0,100,58.3,17,0.6
2023-11-03T08:00,21.4,90,1005.5,100,52.9,16,0.5
2023-11-03T09:00,21.4,89,1004.4,100,63.1,11,2.1
2023-11-03T10:00,21.5,89,1004.2,100,61.1,12,2.4
2023-11-03T11:00,21.5,88,1005.1,100,58.7,1,1.2
2023-11-03T12:00,21.4,90,1005.9,100,50.6,11,2.9
2023-11-03T13:00,21.5,88,1006.5,100,44.3,360,3.4
2023-11-03T14:00,21.3,93,1004.6,100,45.7,19,8.3
2023-11-03T15:00,21.4,93,1004.4,100,39.8,26,2.6
2023-11-03T16:00,21.5,92,1003.0,100,46.8,20,4.0
2023-11-03T17:00,21.5,93,1001.5,62,46.6,23,2.2
2023-11-03T18:00,21.6,91,1000.2,81,44.8,24,0.0
2023-11-03T19:00,21.6,92,999.5,56,40.8,25,0.0
2023-11-03T20:00,21.6,92,1000.1,58,36.2,16,0.0
2023-11-03T21:00,22.1,91,1001.7,100,19.2,308,0.1
2023-11-03T22:00,21.6,79,1003.0,100,37.5,228,0.0
2023-11-03T23:00,21.6,81,1003.6,54,34.6,223,0.0
2023-11-04T00:00,21.6,80,1004.5,2,30.9,234,0.0
2023-11-04T01:00,21.1,80,1005.3,4,37.0,233,0.0
2023-11-04T02:00,21.0,71,1005.9,6,39.6,243,0.0
2023-11-04T03:00,20.5,66,1006.4,4,39.0,240,0.0
2023-11-04T04:00,19.8,68,1006.5,3,39.0,232,0.0
2023-11-04T05:00,19.0,68,1006.9,6,35.4,245,0.0
2023-11-04T06:00,18.3,65,1006.8,3,35.2,252,0.0
2023-11-04T07:00,18.0,64,1006.9,4,30.8,254,0.0
2023-11-04T08:00,17.9,64,1007.3,3,30.8,241,0.0
2023-11-04T09:00,17.9,64,1008.0,19,40.6,237,0.0
2023-11-04T10:00,18.1,62,1008.7,17,44.8,245,0.0
2023-11-04T11:00,18.5,61,1008.9,11,42.5,252,0.0
2023-11-04T12:00,19.2,58,1009.0,9,43.6,242,0.0
2023-11-04T13:00,19.6,58,1009.2,4,42.6,240,0.0
2023-11-04T14:00,20.4,54,1009.2,5,41.6,230,0.0
2023-11-04T15:00,20.5,54,1009.2,4,44.1,227,0.0
2023-11-04T16:00,21.0,54,1008.8,3,47.0,230,0.0
2023-11-04T17:00,21.2,55,1008.4,2,46.9,227,0.0
2023-11-04T18:00,21.0,59,1008.1,0,43.6,216,0.0
2023-11-04T19:00,20.9,61,1008.2,2,45.9,210,0.0
2023-11-04T20:00,19.9,68,1008.7,0,51.7,206,0.0
2023-11-04T21:00,19.8,68,1009.3,0,57.9,209,0.0
2023-11-04T22:00,19.6,68,1010.0,0,56.4,208,0.0
2023-11-04T23:00,19.6,66,1011.1,0,56.8,208,0.0
2023-11-05T00:00,19.6,63,1012.4,0,55.5,210,0.0
2023-11-05T01:00,19.9,55,1014.0,7,54.5,226,0.0
2023-11-05T02:00,19.5,58,1014.2,10,51.6,232,0.0
2023-11-05T03:00,18.9,60,1014.2,9,40.1,243,0.0
2023-11-05T04:00,18.6,62,1013.8,20,36.9,244,0.0
2023-11-05T05:00,18.1,64,1013.7,17,35.1,246,0.0
2023-11-05T06:00,17.7,67,1013.9,6,32.7,245,0.0
2023-11-05T07:00,17.6,68,1014.2,1,33.2,240,0.0
2023-11-05T08:00,17.5,69,1014.8,0,33.1,237,0.0
2023-11-05T09:00,17.6,68,1015.6,11,34.9,227,0.0
2023-11-05T10:00,17.9,68,1016.7,75,37.5,221,0.0
2023-11-05T11:00,18.1,65,1017.5,89,38.7,218,0.0
2023-11-05T12:00,18.2,66,1018.3,100,34.4,225,0.0
2023-11-05T13:00,18.7,65,1018.6,16,32.8,225,0.0
2023-11-05T14:00,18.6,65,1018.7,11,31.1,226,0.0
2023-11-05T15:00,18.6,67,1018.6,1,29.6,217,0.0
2023-11-05T16:00,18.7,68,1018.2,4,28.4,213,0.0
2023-11-05T17:00,18.8,71,1017.6,72,28.2,208,0.0
2023-11-05T18:00,18.9,72,1017.7,1,27.4,208,0.0
2023-11-05T19:00,19.0,73,1017.5,1,28.1,196,0.0
2023-11-05T20:00,19.3,73,1017.8,1,26.5,195,0.0
2023-11-05T21:00,19.5,73,1018.2,0,25.6,197,0.0
2023-11-05T22:00,19.5,74,1018.6,15,24.2,198,0.0
2023-11-05T23:00,20.0,70,1019.1,35,21.6,204,0.0
2023-11-06T00:00,20.2,69,1019.7,14,19.7,198,0.0
2023-11-06T01:00,20.1,69,1020.4,23,16.6,182,0.0
2023-11-06T02:00,20.0,69,1020.2,27,13.4,172,0.0
2023-11-06T03:00,19.7,68,1019.9,99,10.8,159,0.0
2023-11-06T04:00,19.5,68,1019.6,100,8.2,157,0.0
2023-11-06T05:00,19.3,67,1019.2,100,5.7,162,0.0
2023-11-06T06:00,19.2,65,1019.3,100,5.0,159,0.0
2023-11-06T07:00,19.1,64,1019.3,99,4.4,145,0.0
2023-11-06T08:00,19.0,63,1019.5,99,3.2,117,0.0
2023-11-06T09:00,19.0,63,1020.1,72,4.5,76,0.0
2023-11-06T10:00,19.2,62,1021.0,24,5.6,63,0.0
2023-11-06T11:00,19.2,62,1021.4,22,8.3,56,0.0
2023-11-06T12:00,19.2,63,1021.6,5,10.7,42,0.0
2023-11-06T13:00,19.6,63,1022.1,5,13.8,47,0.0
2023-11-06T14:00,19.6,64,1021.8,6,15.3,43,0.0
2023-11-06T15:00,19.8,64,1021.5,5,17.8,47,0.0
2023-11-06T16:00,20.0,63,1020.8,0,21.2,50,0.0
2023-11-06T17:00,20.2,63,1020.2,1,22.5,55,0.0
2023-11-06T18:00,20.5,63,1019.9,1,22.0,55,0.0
2023-11-06T19:00,20.6,63,1019.7,3,23.3,58,0.0
2023-11-06T20:00,20.8,63,1019.5,0,24.6,58,0.0
2023-11-06T21:00,20.8,64,1019.4,0,25.7,53,0.0
2023-11-06T22:00,20.8,66,1019.6,0,26.6,49,0.0
2023-11-06T23:00,20.7,68,1020.1,0,26.3,48,0.0
2023-11-07T00:00,20.6,69,1020.7,2,27.5,47,0.0
2023-11-07T01:00,20.3,71,1021.3,13,30.6,46,0.0
2023-11-07T02:00,20.3,71,1021.3,27,31.6,41,0.0
2023-11-07T03:00,20.2,71,1021.0,27,32.3,38,0.0
2023-11-07T04:00,20.1,72,1020.3,27,32.7,36,0.0
2023-11-07T05:00,20.0,72,1019.8,18,33.2,34,0.0
2023-11-07T06:00,20.0,71,1019.3,23,34.5,30,0.0
2023-11-07T07:00,20.0,71,1019.1,25,35.7,26,0.0
2023-11-07T08:00,20.0,71,1019.0,25,36.4,23,0.0
2023-11-07T09:00,19.9,70,1019.3,28,37.7,24,0.0
2023-11-07T10:00,20.0,70,1019.7,8,38.5,25,0.0
2023-11-07T11:00,20.1,70,1019.8,2,39.3,26,0.0
2023-11-07T12:00,20.2,70,1019.7,1,40.7,28,0.0
2023-11-07T13:00,20.5,70,1019.6,1,42.7,27,0.0
2023-11-07T14:00,20.8,70,1019.0,1,42.4,33,0.0
2023-11-07T15:00,20.9,72,1018.3,0,43.1,38,0.0
2023-11-07T16:00,20.9,72,1017.4,0,45.2,41,0.0
2023-11-07T17:00,21.0,71,1016.7,0,45.5,40,0.0
2023-11-07T18:00,21.0,72,1016.0,0,46.9,38,0.0
2023-11-07T19:00,21.0,73,1015.5,0,47.7,35,0.0
2023-11-07T20:00,21.0,74,1015.3,0,47.8,33,0.0
2023-11-07T21:00,21.0,75,1015.0,0,48.8,31,0.0
2023-11-07T22:00,21.0,76,1015.1,0,49.0,28,0.0
2023-11-07T23:00,21.0,76,1015.5,0,50.6,25,0.0
2023-11-08T00:00,21.0,76,1015.7,0,52.2,24,0.0
2023-11-08T01:00,20.9,77,1015.7,0,54.5,23,0.0
2023-11-08T02:00,20.8,78,1015.0,2,56.3,24,0.0
2023-11-08T03:00,20.7,79,1014.3,21,56.2,23,0.0
2023-11-08T04:00,20.7,79,1014.2,62,54.8,22,0.0
2023-11-08T05:00,20.7,79,1013.8,98,54.8,21,0.0
2023-11-08T06:00,20.6,80,1013.1,95,54.7,21,0.0
2023-11-08T07:00,20.5,81,1012.8,11,53.8,20,0.0
2023-11-08T08:00,20.5,81,1012.7,34,51.3,18,0.0
2023-11-08T09:00,20.4,83,1013.1,11,49.3,18,0.0
2023-11-08T10:00,20.5,83,1013.2,74,48.6,19,0.0
2023-11-08T11:00,20.8,81,1013.0,100,48.6,17,0.0
2023-11-08T12:00,20.6,84,1013.0,100,47.6,19,0.0
2023-11-08T13:00,21.1,82,1012.9,57,44.5,23,0.0
2023-11-08T14:00,21.4,82,1012.7,92,44.8,26,0.0
2023-11-08T15:00,21.5,83,1012.0,99,44.3,28,0.0
2023-11-08T16:00,21.6,83,1011.4,100,43.3,28,0.0
2023-11-08T17:00,21.5,85,1011.0,100,43.4,30,0.0
2023-11-08T18:00,21.5,86,1010.8,100,41.8,31,0.0
2023-11-08T19:00,21.6,85,1010.6,100,38.5,30,0.0
2023-11-08T20:00,21.6,86,1010.9,100,32.2,28,0.0
2023-11-08T21:00,21.5,87,1011.5,100,26.9,23,0.0
2023-11-08T22:00,21.4,89,1011.9,100,21.2,18,0.0
2023-11-08T23:00,21.0,92,1012.4,100,13.9,10,0.0
2023-11-09T00:00,20.8,95,1013.1,99,5.0,291,0.0
2023-11-09T01:00,20.9,93,1012.0,100,14.1,19,0.0
2023-11-09T02:00,20.9,93,1011.9,89,15.3,19,0.0
2023-11-09T03:00,20.6,95,1011.6,1,17.1,18,0.0
2023-11-09T04:00,20.6,95,1010.6,48,20.0,23,0.0
2023-11-09T05:00,20.8,94,1010.1,100,17.7,20,0.0
2023-11-09T06:00,20.8,93,1009.5,100,17.3,23,0.0
2023-11-09T07:00,20.7,94,1009.6,100,13.8,28,0.0
2023-11-09T08:00,20.5,95,1010.3,100,2.3,129,0.0
2023-11-09T09:00,20.5,95,1011.8,99,13.5,189,0.0
2023-11-09T10:00,20.5,96,1012.2,100,6.7,234,0.0
2023-11-09T11:00,20.3,97,1012.3,100,4.1,255,0.4
2023-11-09T12:00,20.8,94,1013.3,100,15.2,234,0.0
2023-11-09T13:00,20.7,93,1013.6,100,28.6,211,0.0
2023-11-09T14:00,20.8,95,1014.0,100,29.3,212,0.0
2023-11-09T15:00,20.9,94,1014.0,100,28.0,208,0.0
2023-11-09T16:00,21.0,93,1014.4,100,27.1,209,0.0
2023-11-09T17:00,21.1,92,1014.4,100,26.4,200,0.0
2023-11-09T18:00,21.1,92,1014.3,100,23.5,198,0.0
2023-11-09T19:00,21.1,93,1014.2,100,17.1,195,0.0
2023-11-09T20:00,21.0,92,1014.3,100,16.3,188,0.0
2023-11-09T21:00,21.0,89,1014.5,100,14.6,196,0.0
2023-11-09T22:00,21.0,86,1015.3,100,13.5,214,0.0
2023-11-09T23:00,20.8,84,1015.9,100,12.7,225,0.0
2023-11-10T00:00,20.8,83,1016.5,100,13.9,211,0.0
2023-11-10T01:00,20.3,82,1017.5,100,16.0,211,0.0
2023-11-10T02:00,20.2,81,1017.7,100,14.4,217,0.0
2023-11-10T03:00,20.1,82,1017.1,100,15.5,211,0.0
2023-11-10T04:00,20.1,81,1016.6,99,12.7,215,0.0
2023-11-10T05:00,20.0,81,1016.3,46,11.0,218,0.0
2023-11-10T06:00,20.0,81,1015.8,4,8.4,230,0.0
2023-11-10T07:00,19.8,83,1015.9,6,8.6,255,0.0
2023-11-10T08:00,19.6,85,1016.2,1,8.3,265,0.0
2023-11-10T09:00,19.6,85,1016.8,2,6.2,260,0.0
2023-11-10T10:00,19.8,84,1017.4,3,4.0,297,0.0
2023-11-10T11:00,19.9,82,1017.6,2,5.5,11,0.0
2023-11-10T12:00,20.0,82,1017.8,0,8.1,45,0.0
2023-11-10T13:00,20.2,82,1018.0,49,13.5,56,0.0
2023-11-10T14:00,20.3,84,1017.5,16,15.1,57,0.0
2023-11-10T15:00,20.4,86,1017.5,36,14.9,58,0.0
2023-11-10T16:00,20.9,83,1016.6,25,19.5,65,0.0
2023-11-10T17:00,21.1,82,1015.3,15,28.0,64,0.0
2023-11-10T18:00,21.1,82,1014.3,10,31.7,65,0.0
2023-11-10T19:00,20.9,84,1013.5,17,32.8,63,0.0
2023-11-10T20:00,21.0,85,1013.2,75,34.0,57,0.0
2023-11-10T21:00,20.9,86,1012.8,100,35.9,52,0.0
2023-11-10T22:00,21.0,87,1013.0,100,37.4,44,0.0
2023-11-10T23:00,21.0,89,1013.5,100,37.4,38,0.0
2023-11-11T00:00,21.1,89,1013.8,100,40.0,38,0.0
2023-11-11T01:00,20.9,90,1015.1,100,38.0,42,0.0
2023-11-11T02:00,20.9,91,1014.7,100,36.6,39,0.0
2023-11-11T03:00,20.9,92,1013.8,100,36.7,35,0.0
2023-11-11T04:00,20.9,93,1012.4,100,39.0,29,0.0
2023-11-11T05:00,20.9,94,1011.0,100,42.4,28,0.0
2023-11-11T06:00,21.0,94,1010.3,98,42.9,29,0.0
2023-11-11T07:00,21.0,95,1009.8,97,44.0,27,0.0
2023-11-11T08:00,21.1,95,1009.7,85,45.6,26,0.0
2023-11-11T09:00,21.1,95,1009.6,98,46.4,26,0.0
2023-11-11T10:00,21.1,95,1009.6,100,45.4,25,0.0
2023-11-11T11:00,21.1,95,1009.2,100,47.0,25,0.0
2023-11-11T12:00,21.2,94,1008.6,100,48.8,26,0.0
2023-11-11T13:00,21.9,95,1008.0,100,49.5,32,0.0
2023-11-11T14:00,21.9,95,1007.0,100,51.9,30,0.0
2023-11-11T15:00,22.0,93,1005.9,100,54.0,28,0.0
2023-11-11T16:00,22.4,92,1004.6,100,52.2,28,0.0
2023-11-11T17:00,22.5,91,1003.7,100,51.7,28,0.0
2023-11-11T18:00,22.6,90,1003.0,99,51.0,27,0.0
2023-11-11T19:00,22.7,90,1003.7,100,46.9,23,0.0
2023-11-11T20:00,22.4,92,1005.3,100,36.1,17,0.0
2023-11-11T21:00,22.2,93,1005.9,100,26.1,12,0.0
2023-11-11T22:00,21.7,96,1006.2,100,21.7,15,0.0
2023-11-11T23:00,22.0,96,1006.5,100,15.1,3,0.1
2023-11-12T00:00,22.5,94,1006.9,100,15.7,340,0.0
2023-11-12T01:00,22.0,91,1009.4,100,17.1,311,0.0
2023-11-12T02:00,22.3,89,1008.4,7,18.6,324,0.0
2023-11-12T03:00,22.2,90,1007.2,0,21.6,327,0.0
2023-11-12T04:00,22.0,91,1006.1,1,24.0,341,0.0
2023-11-12T05:00,22.2,89,1005.0,2,24.7,344,0.0
2023-11-12T06:00,22.5,87,1004.5,0,23.0,343,0.0
2023-11-12T07:00,22.7,85,1004.5,0,18.9,352,0.0
2023-11-12T08:00,22.6,85,1005.0,0,12.6,357,0.0
2023-11-12T09:00,22.9,83,1006.2,3,22.3,170,0.0
2023-11-12T10:00,22.2,89,1007.0,26,25.7,133,0.0
2023-11-12T11:00,22.2,89,1007.9,19,21.4,138,0.0
2023-11-12T12:00,22.0,91,1008.5,4,12.2,146,0.0
2023-11-12T13:00,22.1,91,1009.8,5,15.8,227,0.0
2023-11-12T14:00,22.1,90,1010.2,32,20.6,216,0.0
2023-11-12T15:00,22.4,89,1010.1,89,19.5,214,0.0
2023-11-12T16:00,22.2,90,1009.5,14,16.8,211,0.0
2023-11-12T17:00,22.0,91,1008.8,12,12.9,198,0.0
2023-11-12T18:00,22.0,93,1008.1,72,10.1,176,0.0
2023-11-12T19:00,22.2,93,1008.6,100,9.7,176,0.0
2023-11-12T20:00,22.5,92,1009.0,100,14.3,162,0.0
2023-11-12T21:00,23.0,90,1009.1,100,13.7,135,0.0
2023-11-12T22:00,22.8,92,1009.3,100,9.7,129,0.0
2023-11-12T23:00,22.5,93,1009.9,100,4.7,81,0.0
2023-11-13T00:00,22.5,94,1010.5,100,9.5,53,0.0
2023-11-13T01:00,21.5,94,1013.1,100,14.1,167,0.0
2023-11-13T02:00,21.5,94,1012.6,100,8.7,128,0.0
2023-11-13T03:00,21.4,94,1011.5,100,7.0,145,0.1
2023-11-13T04:00,21.4,93,1010.6,100,10.1,96,0.1
2023-11-13T05:00,21.4,93,1010.1,100,11.6,60,0.0
2023-11-13T06:00,21.5,93,1008.9,100,19.5,39,0.0
2023-11-13T07:00,21.5,94,1008.8,100,22.5,41,0.0
2023-11-13T08:00,21.6,95,1008.3,100,28.6,36,0.0
2023-11-13T09:00,21.6,95,1008.4,100,31.2,34,0.0
2023-11-13T10:00,21.7,96,1009.0,100,30.2,31,0.0
2023-11-13T11:00,21.7,95,1008.9,100,35.3,30,0.0
2023-11-13T12:00,21.8,94,1008.7,100,38.0,28,0.0
2023-11-13T13:00,22.2,92,1010.4,99,13.1,32,0.2
2023-11-13T14:00,22.0,94,1010.1,99,21.2,48,0.1
2023-11-13T15:00,22.0,93,1010.7,99,10.4,34,1.8
2023-11-13T16:00,22.0,93,1010.0,99,10.3,61,0.0
2023-11-13T17:00,22.4,93,1009.0,92,16.4,57,0.0
2023-11-13T18:00,22.5,94,1008.7,97,16.3,41,0.0
2023-11-13T19:00,22.4,95,1008.5,100,18.3,32,0.5
2023-11-13T20:00,22.5,95,1008.3,100,21.9,30,0.1
2023-11-13T21:00,22.6,95,1008.6,100,15.7,37,0.0
2023-11-13T22:00,22.7,95,1009.0,100,13.4,54,0.0
2023-11-13T23:00,22.9,94,1009.5,100,15.9,39,0.0
2023-11-14T00:00,22.7,95,1009.9,100,13.3,33,0.0
2023-11-14T01:00,22.1,96,1010.7,100,8.1,58,0.0
2023-11-14T02:00,22.0,97,1011.0,100,5.0,90,0.0
2023-11-14T03:00,22.0,97,1011.1,100,6.9,171,0.0
2023-11-14T04:00,22.0,97,1010.2,100,9.5,171,0.0
2023-11-14T05:00,22.0,97,1009.5,100,10.3,155,0.0
2023-11-14T06:00,22.0,96,1009.5,100,10.7,147,1.7
2023-11-14T07:00,22.0,96,1009.3,100,8.4,137,0.0
2023-11-14T08:00,21.9,96,1009.5,100,4.3,138,0.0
2023-11-14T09:00,21.9,96,1010.2,100,3.6,225,0.0
2023-11-14T10:00,21.8,96,1010.5,100,1.8,169,0.3
2023-11-14T11:00,21.7,96,1010.9,100,1.3,304,1.1
2023-11-14T12:00,21.5,98,1011.4,100,1.8,79,2.3
2023-11-14T13:00,21.0,97,1010.7,100,5.8,248,0.4
2023-11-14T14:00,21.1,97,1011.7,100,4.9,197,0.0
2023-11-14T15:00,20.9,97,1011.3,100,10.9,171,0.6
2023-11-14T16:00,20.8,97,1011.5,100,4.3,180,1.3
2023-11-14T17:00,20.9,97,1009.9,100,12.2,92,1.7
2023-11-14T18:00,21.3,96,1009.9,100,5.6,50,1.6
2023-11-14T19:00,21.2,96,1009.5,100,6.3,24,2.5
2023-11-14T20:00,21.1,97,1009.8,100,8.7,30,2.6
2023-11-14T21:00,21.1,98,1010.3,100,6.8,115,2.3
2023-11-14T22:00,21.4,96,1010.7,100,12.3,142,0.6
2023-11-14T23:00,21.5,96,1011.2,100,11.5,88,0.0
2023-11-15T00:00,21.5,97,1011.3,100,18.9,76,0.0
2023-11-15T01:00,21.5,93,1012.6,100,11.5,44,0.3
2023-11-15T02:00,21.5,95,1012.5,100,16.8,48,0.2
2023-11-15T03:00,21.8,90,1011.8,100,22.7,44,0.0
2023-11-15T04:00,21.9,91,1011.1,100,26.4,39,0.0
2023-11-15T05:00,21.9,91,1010.5,100,29.1,31,1.0
2023-11-15T06:00,21.9,90,1009.5,100,33.8,31,1.0
2023-11-15T07:00,21.7,90,1009.2,100,38.0,27,3.7
2023-11-15T08:00,21.8,89,1009.5,100,32.7,24,0.3
2023-11-15T09:00,21.9,89,1009.4,97,33.4,20,0.1
2023-11-15T10:00,21.8,89,1009.9,95,30.4,14,0.0
2023-11-15T11:00,21.6,90,1010.3,96,26.1,12,0.1
2023-11-15T12:00,21.5,91,1009.9,96,26.7,26,0.0
2023-11-15T13:00,21.6,96,1009.7,100,19.9,17,0.0
2023-11-15T14:00,21.5,96,1009.4,100,25.3,24,0.0
2023-11-15T15:00,22.1,93,1008.6,100,27.4,25,0.0
2023-11-15T16:00,22.5,91,1007.3,100,31.0,23,0.0
2023-11-15T17:00,23.0,89,1005.8,100,39.4,23,0.0
2023-11-15T18:00,23.1,89,1003.9,100,40.5,24,0.0
2023-11-15T19:00,23.1,89,1002.8,100,39.1,26,0.0
2023-11-15T20:00,23.2,89,1002.7,100,41.9,28,0.0
2023-11-15T21:00,23.3,89,1002.8,100,40.9,27,0.0
2023-11-15T22:00,23.3,90,1003.2,100,42.0,25,0.0
2023-11-15T23:00,23.1,92,1004.2,100,40.2,23,0.0
2023-11-16T00:00,22.9,93,1004.7,100,37.5,24,0.0
2023-11-16T01:00,22.9,92,1005.5,100,25.7,20,0.0
2023-11-16T02:00,22.6,93,1005.9,99,35.5,18,0.0
2023-11-16T03:00,22.6,93,1005.0,100,35.0,17,0.0
2023-11-16T04:00,22.8,92,1004.1,100,34.3,10,0.0
2023-11-16T05:00,22.7,92,1003.5,100,29.7,11,0.0
2023-11-16T06:00,22.7,92,1003.4,100,23.0,9,0.0
2023-11-16T07:00,22.8,90,1002.7,100,16.0,9,0.0
2023-11-16T08:00,22.5,92,1002.5,100,19.0,25,0.0
2023-11-16T09:00,22.1,94,1003.2,99,15.3,34,0.0
2023-11-16T10:00,22.2,95,1004.1,100,20.7,40,0.6
2023-11-16T11:00,22.0,95,1004.4,100,9.7,45,0.1
2023-11-16T12:00,21.9,96,1004.6,100,9.9,134,0.2
2023-11-16T13:00,22.0,95,1005.8,100,4.7,261,2.4
2023-11-16T14:00,22.0,93,1005.5,100,2.3,51,5.4
2023-11-16T15:00,21.8,94,1006.1,100,6.8,212,3.7
2023-11-16T16:00,21.5,95,1006.2,100,11.6,185,1.7
2023-11-16T17:00,21.1,98,1005.4,100,5.4,172,3.5
2023-11-16T18:00,21.5,96,1004.3,100,16.0,134,6.3
2023-11-16T19:00,21.6,96,1005.1,100,5.9,223,4.5
2023-11-16T20:00,21.5,96,1005.8,100,9.7,239,0.1
2023-11-16T21:00,21.1,97,1005.8,100,3.3,276,0.0
2023-11-16T22:00,20.8,99,1006.1,100,6.7,234,0.0
2023-11-16T23:00,20.9,99,1006.6,100,3.7,259,0.0
2023-11-17T00:00,21.0,98,1007.0,99,1.5,194,0.0
2023-11-17T01:00,21.2,95,1008.5,100,8.9,207,0.0
2023-11-17T02:00,21.2,95,1008.4,100,7.7,233,0.1
2023-11-17T03:00,21.0,96,1007.9,91,5.6,243,0.0
2023-11-17T04:00,21.0,97,1007.6,100,6.4,227,0.0
2023-11-17T05:00,20.9,97,1006.0,20,4.6,129,0.0
2023-11-17T06:00,20.9,98,1005.5,87,11.8,117,0.0
2023-11-17T07:00,21.2,96,1005.9,100,12.8,112,0.0
2023-11-17T08:00,21.4,95,1006.0,100,16.8,121,1.2
2023-11-17T09:00,21.5,95,1006.7,100,14.7,101,4.0
2023-11-17T10:00,21.7,94,1007.2,100,16.6,86,3.4
2023-11-17T11:00,21.7,95,1007.5,100,16.2,91,3.2
2023-11-17T12:00,21.9,95,1008.0,100,14.8,104,1.9
2023-11-17T13:00,21.5,91,1008.5,100,16.3,352,4.4
2023-11-17T14:00,21.3,91,1008.1,100,10.8,15,5.0
2023-11-17T15:00,20.9,93,1007.7,100,13.3,38,2.9
2023-11-17T16:00,21.1,94,1007.8,100,20.3,30,2.4
2023-11-17T17:00,21.8,92,1007.0,100,21.0,31,3.1
2023-11-17T18:00,21.8,94,1005.3,100,30.5,30,1.6
2023-11-17T19:00,21.9,93,1004.0,100,39.0,24,0.4
2023-11-17T20:00,22.0,92,1003.2,100,39.1,26,0.0
2023-11-17T21:00,22.5,90,1003.1,100,35.8,25,0.0
2023-11-17T22:00,23.0,88,1003.2,100,39.3,21,0.1
2023-11-17T23:00,23.2,87,1002.3,100,45.9,25,0.0
2023-11-18T00:00,23.2,87,1003.1,100,43.6,20,0.0
2023-11-18T01:00,22.4,89,1006.3,100,45.8,16,0.0
2023-11-18T02:00,22.6,88,1005.7,100,45.7,14,0.0
2023-11-18T03:00,22.8,87,1004.6,100,47.1,16,0.0
2023-11-18T04:00,22.9,87,1004.2,100,46.7,14,0.0
2023-11-18T05:00,22.9,89,1003.3,100,46.9,16,0.0
2023-11-18T06:00,22.9,90,1001.6,100,48.2,20,0.0
2023-11-18T07:00,22.9,90,1001.4,100,40.7,26,0.0
2023-11-18T08:00,23.0,90,1001.4,100,40.6,35,0.0
2023-11-18T09:00,23.2,89,1001.3,100,32.9,32,0.0
2023-11-18T10:00,23.0,90,1002.1,100,17.0,54,0.1
2023-11-18T11:00,22.7,92,1002.1,100,19.9,45,0.0
2023-11-18T12:00,22.4,94,1002.7,100,16.8,48,0.0
2023-11-18T13:00,22.5,96,1003.6,100,21.7,66,0.2
2023-11-18T14:00,22.4,97,1003.9,100,18.3,54,0.4
2023-11-18T15:00,21.9,100,1003.8,100,8.9,130,0.1
2023-11-18T16:00,21.8,99,1004.7,100,13.1,217,0.6
2023-11-18T17:00,22.9,90,1005.5,100,32.9,233,0.1
2023-11-18T18:00,23.2,71,1005.0,100,41.8,228,0.0
2023-11-18T19:00,23.4,64,1005.5,100,40.8,227,0.0
2023-11-18T20:00,23.4,66,1003.9,63,15.0,260,0.0
2023-11-18T21:00,23.5,70,1004.5,100,14.3,282,0.0
2023-11-18T22:00,23.1,73,1005.4,100,15.6,214,0.0
2023-11-18T23:00,22.5,78,1006.7,100,20.1,207,0.0
2023-11-19T00:00,22.4,78,1007.2,100,13.9,217,0.0
2023-11-19T01:00,21.6,86,1009.7,94,13.9,201,0.0
2023-11-19T02:00,21.5,87,1009.8,88,8.1,212,0.0
2023-11-19T03:00,21.3,90,1009.7,16,8.3,252,0.0
2023-11-19T04:00,21.1,93,1009.0,14,8.2,247,0.0
2023-11-19T05:00,21.4,90,1009.1,37,11.1,245,0.0
2023-11-19T06:00,21.2,91,1009.4,46,14.6,230,0.0
2023-11-19T07:00,21.1,89,1010.3,7,13.0,228,0.0
2023-11-19T08:00,20.9,91,1011.6,43,21.7,212,0.0
2023-11-19T09:00,21.6,84,1012.8,28,31.9,205,0.0
2023-11-19T10:00,21.3,86,1013.6,94,30.5,192,0.0
2023-11-19T11:00,21.3,84,1014.3,100,28.5,196,0.0
2023-11-19T12:00,21.2,79,1015.0,100,26.1,200,0.0
2023-11-19T13:00,20.6,80,1016.6,100,26.1,200,0.0
2023-11-19T14:00,20.6,79,1016.7,100,27.1,199,0.0
2023-11-19T15:00,20.6,78,1016.9,100,24.4,202,0.0
2023-11-19T16:00,20.5,78,1016.6,75,26.2,201,0.0
2023-11-19T17:00,20.5,76,1016.1,95,24.1,194,0.0
2023-11-19T18:00,20.5,74,1015.3,97,20.0,187,0.0
2023-11-19T19:00,20.5,72,1015.3,87,20.5,179,0.0
2023-11-19T20:00,20.5,71,1015.3,100,14.9,172,0.0
2023-11-19T21:00,20.6,70,1015.4,100,12.3,165,0.0
2023-11-19T22:00,20.8,70,1015.8,100,14.2,150,0.0
2023-11-19T23:00,20.7,70,1016.5,100,12.0,139,0.0
2023-11-20T00:00,20.8,69,1017.3,100,11.5,148,0.0
2023-11-20T01:00,20.4,67,1018.1,32,10.8,159,0.0
2023-11-20T02:00,20.4,65,1017.9,94,5.5,169,0.0
2023-11-20T03:00,20.2,65,1017.5,100,1.6,207,0.0
2023-11-20T04:00,20.1,66,1016.9,100,1.8,11,0.0
2023-11-20T05:00,20.1,68,1016.1,93,4.5,14,0.0
2023-11-20T06:00,20.1,71,1015.7,52,7.6,5,0.0
2023-11-20T07:00,20.2,72,1015.9,87,5.4,20,0.0
2023-11-20T08:00,20.1,73,1016.2,96,3.6,37,0.0
2023-11-20T09:00,20.1,76,1016.6,100,8.4,20,0.0
2023-11-20T10:00,20.2,78,1017.0,100,11.0,23,0.0
2023-11-20T11:00,20.3,78,1017.4,100,8.5,36,0.0
2023-11-20T12:00,20.5,77,1017.7,100,6.9,62,0.0
2023-11-20T13:00,20.4,76,1017.9,4,4.7,99,0.0
2023-11-20T14:00,20.8,74,1017.7,10,6.5,87,0.0
2023-11-20T15:00,21.1,72,1017.5,14,12.1,78,0.0
2023-11-20T16:00,21.5,70,1016.9,13,16.5,74,0.0
2023-11-20T17:00,21.5,72,1016.3,97,19.4,72,0.0
2023-11-20T18:00,21.6,74,1015.4,65,20.9,71,0.0
2023-11-20T19:00,21.8,74,1015.0,31,21.9,65,0.0
2023-11-20T20:00,21.8,75,1014.6,56,24.0,49,0.0
2023-11-20T21:00,21.9,76,1014.4,48,25.9,38,0.0
2023-11-20T22:00,22.0,77,1014.6,96,26.8,33,0.0
2023-11-20T23:00,22.1,76,1014.8,88,28.2,30,0.0
2023-11-21T00:00,22.3,77,1015.4,98,29.2,29,0.0
2023-11-21T01:00,21.8,82,1015.0,97,36.4,27,0.0
2023-11-21T02:00,21.9,83,1014.4,99,39.0,25,0.0
2023-11-21T03:00,22.0,82,1013.8,98,41.3,20,0.0
2023-11-21T04:00,21.8,85,1013.0,94,41.6,18,0.0
2023-11-21T05:00,21.8,86,1012.0,100,39.2,17,0.0
2023-11-21T06:00,22.0,85,1011.5,70,37.3,17,0.0
2023-11-21T07:00,22.2,85,1011.3,15,35.6,18,0.0
2023-11-21T08:00,22.1,86,1011.3,82,33.6,17,0.0
2023-11-21T09:00,22.0,87,1011.5,5,30.0,16,0.0
2023-11-21T10:00,22.0,86,1011.7,30,26.0,14,0.0
2023-11-21T11:00,22.0,87,1011.8,37,23.6,16,0.0
2023-11-21T12:00,21.9,88,1012.0,74,20.8,18,0.0
2023-11-21T13:00,21.6,90,1011.8,58,15.5,28,0.0
2023-11-21T14:00,21.5,91,1011.4,94,17.8,32,0.0
2023-11-21T15:00,21.8,91,1010.8,99,15.5,31,0.0
2023-11-21T16:00,22.3,91,1010.3,0,14.1,32,0.0
2023-11-21T17:00,22.6,90,1009.7,0,17.4,34,0.0
2023-11-21T18:00,22.6,90,1008.9,29,21.9,36,0.0
2023-11-21T19:00,22.6,90,1008.0,85,25.9,35,0.0
2023-11-21T20:00,22.6,90,1007.4,99,27.5,32,0.0
2023-11-21T21:00,22.8,89,1007.0,82,30.2,31,0.0
2023-11-21T22:00,22.9,89,1007.1,83,32.9,29,0.0
2023-11-21T23:00,22.9,90,1007.8,100,34.9,28,0.0
2023-11-22T00:00,22.8,92,1008.5,86,38.0,28,0.0
2023-11-22T01:00,22.3,95,1008.7,11,35.1,28,0.0
2023-11-22T02:00,22.2,96,1008.3,34,37.2,27,0.0
2023-11-22T03:00,22.4,96,1008.2,40,38.1,23,0.0
2023-11-22T04:00,22.5,96,1007.2,85,38.4,23,0.0
2023-11-22T05:00,22.5,95,1006.6,91,37.2,20,0.0
2023-11-22T06:00,22.6,95,1005.9,98,39.1,20,0.0
2023-11-22T07:00,22.6,94,1005.4,86,37.7,19,0.0
2023-11-22T08:00,22.6,94,1005.7,95,35.4,19,0.0
2023-11-22T09:00,22.5,94,1006.3,61,33.6,16,0.0
2023-11-22T10:00,22.5,93,1006.4,91,30.0,16,0.0
2023-11-22T11:00,22.4,93,1006.3,52,30.6,18,0.0
2023-11-22T12:00,22.5,90,1006.4,100,29.0,17,0.0
2023-11-22T13:00,22.5,92,1006.7,46,24.3,25,0.0
2023-11-22T14:00,22.8,92,1006.0,23,25.4,27,0.0
2023-11-22T15:00,23.1,92,1005.7,96,24.8,26,0.0
2023-11-22T16:00,23.1,93,1005.8,99,14.8,23,0.0
2023-11-22T17:00,22.9,94,1006.1,99,10.7,12,0.0
2023-11-22T18:00,22.5,96,1005.5,100,13.1,212,0.0
2023-11-22T19:00,22.6,92,1006.0,100,24.1,218,0.0
2023-11-22T20:00,22.8,93,1006.8,100,24.9,231,0.5
2023-11-22T21:00,22.8,92,1007.0,100,27.5,217,0.6
2023-11-22T22:00,22.4,96,1007.2,100,19.4,211,0.5
2023-11-22T23:00,22.6,94,1008.0,100,15.3,204,0.7
2023-11-23T00:00,22.5,94,1008.0,100,10.8,210,0.7
2023-11-23T01:00,22.2,96,1009.5,100,15.6,247,0.1
2023-11-23T02:00,22.1,95,1009.2,100,20.4,249,0.1
2023-11-23T03:00,22.0,93,1009.1,100,28.6,247,0.0
2023-11-23T04:00,22.0,92,1008.9,100,28.8,246,0.0
2023-11-23T05:00,21.9,92,1008.7,100,31.1,252,0.0
2023-11-23T06:00,22.0,94,1008.9,100,30.4,243,0.0
2023-11-23T07:00,22.2,91,1009.5,100,32.7,212,0.0
2023-11-23T08:00,21.8,91,1010.3,100,34.0,220,0.0
2023-11-23T09:00,21.9,90,1011.6,100,35.0,214,0.0
2023-11-23T10:00,21.8,89,1012.6,100,39.8,205,0.0
2023-11-23T11:00,21.5,89,1013.7,100,40.6,199,0.0
2023-11-23T12:00,21.5,85,1014.6,98,40.9,200,0.0
2023-11-23T13:00,21.6,87,1015.2,100,39.7,202,0.2
2023-11-23T14:00,21.6,85,1015.7,70,34.6,201,0.0
2023-11-23T15:00,21.6,85,1016.0,98,34.4,203,0.0
2023-11-23T16:00,21.5,85,1016.0,34,34.7,204,0.0
2023-11-23T17:00,21.5,84,1015.5,16,33.7,205,0.0
2023-11-23T18:00,21.6,81,1015.4,100,35.0,204,0.0
2023-11-23T19:00,21.6,80,1015.6,100,36.4,203,0.0
2023-11-23T20:00,21.5,81,1015.9,99,36.9,201,0.0
2023-11-23T21:00,21.5,78,1016.5,72,32.8,197,0.0
2023-11-23T22:00,21.4,78,1017.0,100,31.1,196,0.0
2023-11-23T23:00,21.4,76,1017.9,100,29.2,193,0.0
2023-11-24T00:00,21.4,73,1018.9,100,24.2,195,0.0
2023-11-24T01:00,21.0,78,1019.8,98,23.9,191,0.0
2023-11-24T02:00,20.9,76,1019.9,94,22.1,196,0.0
2023-11-24T03:00,20.8,76,1019.9,100,20.9,207,0.0
2023-11-24T04:00,20.5,76,1019.5,100,20.2,211,0.0
2023-11-24T05:00,20.3,77,1019.0,89,18.7,218,0.0
2023-11-24T06:00,20.1,79,1018.8,100,18.4,230,0.0
2023-11-24T07:00,19.8,82,1019.1,100,19.6,238,0.0
2023-11-24T08:00,19.7,83,1019.5,100,20.2,239,0.0
2023-11-24T09:00,19.8,81,1020.2,91,20.0,242,0.0
2023-11-24T10:00,19.6,81,1020.8,50,18.1,247,0.0
2023-11-24T11:00,19.8,80,1021.4,99,16.6,246,0.0
2023-11-24T12:00,20.4,76,1021.8,100,16.8,228,0.0
2023-11-24T13:00,20.8,72,1022.6,91,23.3,215,0.0
2023-11-24T14:00,20.9,67,1022.7,96,25.7,211,0.0
2023-11-24T15:00,21.1,66,1022.6,95,25.6,212,0.0
2023-11-24T16:00,21.2,66,1022.2,88,25.8,208,0.0
2023-11-24T17:00,21.5,68,1021.6,56,27.1,203,0.0
2023-11-24T18:00,21.8,67,1021.1,77,29.1,195,0.0
2023-11-24T19:00,21.8,67,1020.8,63,29.4,187,0.0
2023-11-24T20:00,22.0,63,1020.4,86,27.2,174,0.0
2023-11-24T21:00,22.1,60,1020.5,91,22.5,167,0.0
2023-11-24T22:00,22.0,62,1021.2,100,21.0,187,0.0
2023-11-24T23:00,21.8,62,1021.8,100,21.6,191,0.0
2023-11-25T00:00,21.6,62,1022.5,94,21.0,196,0.0
2023-11-25T01:00,21.0,64,1023.7,100,23.7,197,0.0
2023-11-25T02:00,20.7,66,1023.5,100,22.1,199,0.0
2023-11-25T03:00,20.4,67,1022.9,100,20.2,202,0.0
2023-11-25T04:00,20.2,68,1021.8,94,18.9,204,0.0
2023-11-25T05:00,20.0,68,1021.2,17,18.5,213,0.0
2023-11-25T06:00,19.9,67,1020.7,48,17.1,224,0.0
2023-11-25T07:00,19.6,69,1020.5,12,16.8,228,0.0
2023-11-25T08:00,19.4,72,1020.8,4,17.0,234,0.0
2023-11-25T09:00,19.1,73,1021.3,12,16.6,240,0.0
2023-11-25T10:00,19.1,75,1021.7,17,16.7,245,0.0
2023-11-25T11:00,19.1,75,1022.1,3,15.9,252,0.0
2023-11-25T12:00,19.3,73,1022.2,0,15.5,242,0.0
2023-11-25T13:00,20.5,64,1022.5,2,12.2,227,0.0
2023-11-25T14:00,20.6,62,1022.2,27,9.3,208,0.0
2023-11-25T15:00,20.6,61,1021.7,26,7.6,185,0.0
2023-11-25T16:00,21.1,60,1020.8,10,8.3,146,0.0
2023-11-25T17:00,21.1,61,1020.0,3,13.7,125,0.0
2023-11-25T18:00,21.6,59,1019.2,1,18.5,119,0.0
2023-11-25T19:00,21.4,60,1018.9,5,18.7,118,0.0
2023-11-25T20:00,21.8,58,1018.9,10,14.0,108,0.0
2023-11-25T21:00,21.9,59,1018.9,15,13.3,93,0.0
2023-11-25T22:00,21.9,59,1019.2,19,14.5,83,0.0
2023-11-25T23:00,21.9,61,1019.3,21,16.9,70,0.0
2023-11-26T00:00,22.0,63,1019.7,95,17.1,65,0.0
2023-11-26T01:00,21.8,62,1020.3,40,14.7,54,0.0
2023-11-26T02:00,21.6,67,1019.9,100,19.1,44,0.0
2023-11-26T03:00,21.2,72,1019.9,97,22.3,38,0.0
2023-11-26T04:00,20.6,77,1019.3,57,23.8,29,0.0
2023-11-26T05:00,20.1,82,1018.3,55,23.2,30,0.0
2023-11-26T06:00,20.1,82,1017.9,79,24.6,27,0.0
2023-11-26T07:00,20.3,82,1017.8,91,27.2,26,0.0
2023-11-26T08:00,20.4,82,1018.0,87,25.0,28,0.1
2023-11-26T09:00,20.6,81,1018.5,69,26.4,28,0.0
2023-11-26T10:00,20.8,81,1019.0,42,26.1,30,0.0
2023-11-26T11:00,21.0,80,1019.3,43,27.3,36,0.0
2023-11-26T12:00,21.0,80,1019.5,11,29.2,35,0.0
2023-11-26T13:00,21.6,76,1019.8,100,25.3,36,0.0
2023-11-26T14:00,21.9,73,1019.5,99,26.6,41,0.0
2023-11-26T15:00,22.1,70,1018.9,100,27.5,46,0.0
2023-11-26T16:00,22.3,68,1018.6,27,27.0,45,0.0
2023-11-26T17:00,22.2,69,1018.2,13,30.0,45,0.0
2023-11-26T18:00,22.1,69,1017.5,58,31.0,51,0.0
2023-11-26T19:00,22.3,69,1016.9,100,31.9,49,0.0
2023-11-26T20:00,22.4,70,1016.3,26,33.6,52,0.0
2023-11-26T21:00,22.6,71,1016.1,12,33.5,50,0.0
2023-11-26T22:00,22.8,74,1016.5,12,30.1,42,0.0
2023-11-26T23:00,22.8,75,1017.2,11,30.3,35,0.0
2023-11-27T00:00,22.8,76,1018.0,29,30.5,33,0.0
2023-11-27T01:00,22.8,77,1018.8,18,28.5,25,0.0
2023-11-27T02:00,22.7,79,1018.4,100,28.2,25,0.0
2023-11-27T03:00,22.6,80,1018.0,100,27.1,23,0.0
2023-11-27T04:00,22.0,83,1017.2,100,31.3,15,0.0
2023-11-27T05:00,22.0,84,1016.6,100,32.5,21,0.0
2023-11-27T06:00,21.9,86,1016.4,99,29.8,25,0.0
2023-11-27T07:00,21.9,87,1016.8,100,27.7,25,0.0
2023-11-27T08:00,22.1,84,1017.1,100,30.1,25,0.0
2023-11-27T09:00,22.0,85,1018.1,100,29.8,28,0.0
2023-11-27T10:00,22.0,86,1018.7,100,29.7,29,0.0
2023-11-27T11:00,22.1,86,1019.3,100,28.0,26,0.0
2023-11-27T12:00,22.0,86,1019.4,100,28.7,25,0.0
2023-11-27T13:00,22.0,87,1019.3,73,31.1,27,0.0
2023-11-27T14:00,22.0,88,1019.1,39,33.2,32,0.0
2023-11-27T15:00,22.2,88,1018.7,94,32.3,38,0.0
2023-11-27T16:00,22.3,88,1018.5,100,35.3,36,0.0
2023-11-27T17:00,22.3,89,1017.8,100,34.9,35,0.0
2023-11-27T18:00,22.4,89,1017.3,100,35.5,34,0.0
2023-11-27T19:00,22.6,88,1016.7,100,36.2,31,0.0
2023-11-27T20:00,22.5,89,1016.5,100,34.5,30,0.0
2023-11-27T21:00,22.5,89,1016.5,100,34.0,30,0.0
2023-11-27T22:00,22.6,90,1016.7,100,34.3,28,0.0
2023-11-27T23:00,22.7,89,1017.1,100,33.5,32,0.0
2023-11-28T00:00,22.9,88,1017.7,100,34.8,33,0.1
2023-11-28T01:00,22.6,88,1018.5,100,32.0,39,0.0
2023-11-28T02:00,22.6,87,1018.0,100,33.0,40,0.2
2023-11-28T03:00,22.6,87,1017.3,100,32.1,42,0.5
2023-11-28T04:00,22.5,88,1016.6,100,29.8,46,0.4
2023-11-28T05:00,22.5,89,1016.1,100,29.5,51,1.1
2023-11-28T06:00,22.5,89,1015.6,100,29.3,53,1.6
2023-11-28T07:00,22.5,88,1015.6,100,28.5,61,1.0
2023-11-28T08:00,22.4,89,1015.6,100,29.0,63,0.6
2023-11-28T09:00,22.3,89,1016.1,100,29.5,65,1.0
2023-11-28T10:00,22.2,89,1016.5,100,34.0,66,2.5
2023-11-28T11:00,22.4,88,1016.7,100,34.0,69,3.9
2023-11-28T12:00,22.4,88,1016.9,100,30.6,65,3.4
2023-11-28T13:00,22.0,89,1016.7,100,33.5,73,5.0
2023-11-28T14:00,21.9,90,1016.6,100,30.4,76,4.4
2023-11-28T15:00,22.0,89,1015.8,100,31.0,72,2.8
2023-11-28T16:00,22.0,90,1015.4,100,27.1,76,3.0
2023-11-28T17:00,22.0,90,1014.7,100,28.4,78,2.7
2023-11-28T18:00,22.0,89,1013.7,99,29.9,87,1.8
2023-11-28T19:00,22.2,88,1012.8,100,30.7,85,0.5
2023-11-28T20:00,22.5,87,1011.9,100,33.3,84,0.0
2023-11-28T21:00,22.3,89,1011.8,100,33.1,82,0.0
2023-11-28T22:00,22.3,88,1012.0,100,33.3,84,0.0
2023-11-28T23:00,22.3,83,1012.7,100,35.5,83,0.1
2023-11-29T00:00,21.2,86,1013.3,100,31.7,88,1.6
2023-11-29T01:00,21.7,86,1014.0,100,26.7,87,0.2
2023-11-29T02:00,22.2,85,1013.6,100,32.8,81,0.1
2023-11-29T03:00,22.0,86,1013.2,100,29.3,85,0.0
2023-11-29T04:00,21.9,87,1012.4,97,31.4,81,0.1
2023-11-29T05:00,21.9,83,1011.5,100,36.5,85,0.4
2023-11-29T06:00,21.5,85,1010.8,100,37.2,86,0.2
2023-11-29T07:00,21.8,85,1010.6,100,36.4,89,0.1
2023-11-29T08:00,21.9,86,1010.6,100,34.9,91,0.2
2023-11-29T09:00,21.9,85,1011.1,100,32.5,95,0.2
2023-11-29T10:00,22.0,87,1011.5,100,29.4,102,0.1
2023-11-29T11:00,22.1,86,1011.9,73,29.8,102,0.0
2023-11-29T12:00,22.2,85,1012.4,100,28.1,103,0.0
2023-11-29T13:00,22.3,85,1011.4,100,36.8,93,0.0
2023-11-29T14:00,22.5,86,1011.4,100,28.5,94,0.0
2023-11-29T15:00,22.5,87,1011.6,100,22.3,99,0.0
2023-11-29T16:00,22.5,86,1011.4,100,20.8,100,0.0
2023-11-29T17:00,22.4,87,1010.9,100,18.6,105,0.0
2023-11-29T18:00,22.5,87,1010.6,100,16.3,98,0.0
2023-11-29T19:00,22.5,86,1010.2,62,17.7,110,0.0
2023-11-29T20:00,22.5,87,1010.1,65,15.6,109,0.0
2023-11-29T21:00,22.4,87,1010.3,89,16.6,108,0.0
2023-11-29T22:00,22.3,87,1010.8,27,15.1,108,0.0
2023-11-29T23:00,22.2,86,1011.5,100,14.6,106,0.0
2023-11-30T00:00,22.3,84,1012.1,100,15.9,96,0.0
2023-11-30T01:00,21.9,92,1011.7,100,2.2,180,0.0
2023-11-30T02:00,21.9,91,1011.3,100,8.5,242,0.0
2023-11-30T03:00,21.7,93,1010.9,100,10.9,243,0.0
2023-11-30T04:00,21.6,92,1010.2,100,13.6,238,0.0
2023-11-30T05:00,21.5,93,1009.8,100,12.7,225,0.0
2023-11-30T06:00,21.5,92,1009.5,95,12.3,218,0.0
2023-11-30T07:00,21.5,93,1009.6,98,14.3,229,0.0
2023-11-30T08:00,21.4,93,1010.3,100,14.4,233,0.0
2023-11-30T09:00,21.4,94,1010.4,100,12.8,232,0.0
2023-11-30T10:00,21.1,96,1011.0,100,14.0,241,0.0
2023-11-30T11:00,21.2,95,1011.4,70,12.9,243,0.0
2023-11-30T12:00,21.2,95,1011.2,91,8.7,232,0.0
2023-11-30T13:00,22.1,94,1011.4,100,15.5,205,0.0
2023-11-30T14:00,21.7,97,1011.1,100,16.4,195,0.0
2023-11-30T15:00,22.1,96,1010.9,99,15.4,191,0.0
2023-11-30T16:00,22.6,94,1010.7,100,15.0,170,0.0
2023-11-30T17:00,23.0,92,1010.4,99,13.3,161,0.0
2023-11-30T18:00,23.1,91,1010.5,100,12.8,169,0.0
2023-11-30T19:00,23.3,90,1010.6,99,12.6,175,0.0
2023-11-30T20:00,23.4,90,1010.4,29,11.7,171,0.0
2023-11-30T21:00,23.3,91,1010.7,45,10.8,180,0.0
2023-11-30T22:00,23.2,92,1011.0,87,9.0,178,0.0
2023-11-30T23:00,23.1,93,1011.9,32,6.8,180,0.0
2023-12-01T00:00,23.0,93,1013.1,81,6.4,207,0.0
2023-12-01T01:00,22.2,95,1014.0,18,12.1,197,0.0
2023-12-01T02:00,22.1,95,1013.7,28,9.4,198,0.0
2023-12-01T03:00,22.1,94,1013.3,38,7.4,203,0.0
2023-12-01T04:00,22.0,95,1012.9,49,4.1,218,0.0
2023-12-01T05:00,21.9,95,1012.3,47,0.7,360,0.0
2023-12-01T06:00,22.0,94,1011.7,100,6.8,32,0.0
2023-12-01T07:00,22.0,93,1012.2,100,2.3,18,0.0
2023-12-01T08:00,22.0,92,1012.4,100,7.7,79,0.0
2023-12-01T09:00,22.1,91,1012.2,100,14.3,65,0.0
2023-12-01T10:00,22.1,91,1012.9,100,13.4,59,0.0
2023-12-01T11:00,22.1,91,1013.7,100,12.8,58,0.0
2023-12-01T12:00,22.2,91,1014.0,100,12.0,57,0.0
2023-12-01T13:00,22.4,92,1014.3,100,9.3,77,0.0
2023-12-01T14:00,22.5,91,1013.9,65,12.2,76,0.0
2023-12-01T15:00,22.5,91,1013.3,100,18.0,74,0.0
2023-12-01T16:00,22.6,90,1012.9,97,20.4,73,0.0
2023-12-01T17:00,22.8,90,1012.6,81,22.4,66,0.0
2023-12-01T18:00,23.1,89,1012.2,40,23.0,63,0.0
2023-12-01T19:00,23.1,88,1011.6,19,24.5,64,0.0
2023-12-01T20:00,23.1,88,1011.4,83,22.9,60,0.0
2023-12-01T21:00,23.1,89,1011.2,94,23.0,58,0.0
2023-12-01T22:00,23.1,89,1010.6,98,25.1,55,0.0
2023-12-01T23:00,23.1,89,1010.9,100,26.0,48,0.0
2023-12-02T00:00,23.1,89,1012.3,100,22.9,46,0.0
2023-12-02T01:00,23.0,92,1012.3,100,25.8,49,0.0
2023-12-02T02:00,22.9,93,1012.5,100,26.3,42,0.0
2023-12-02T03:00,22.9,94,1011.4,100,29.6,37,0.0
2023-12-02T04:00,22.9,94,1010.4,81,31.5,31,0.0
2023-12-02T05:00,22.9,94,1009.3,100,35.3,29,0.0
2023-12-02T06:00,23.0,94,1008.9,100,35.5,33,0.0
2023-12-02T07:00,23.0,94,1008.8,100,34.7,37,0.0
2023-12-02T08:00,23.0,94,1008.6,100,33.1,38,0.0
2023-12-02T09:00,22.9,94,1009.1,27,31.9,40,0.0
2023-12-02T10:00,22.8,95,1009.5,50,31.7,36,0.0
2023-12-02T11:00,22.7,95,1010.1,76,30.4,31,0.0
2023-12-02T12:00,22.6,95,1010.4,95,30.8,29,0.0
2023-12-02T13:00,23.1,95,1009.9,22,22.1,28,0.0
2023-12-02T14:00,22.9,97,1009.6,26,21.9,30,0.0
2023-12-02T15:00,22.9,98,1009.2,8,20.0,28,0.0
2023-12-02T16:00,22.9,98,1008.7,96,15.5,31,0.0
2023-12-02T17:00,22.9,99,1008.2,99,13.2,47,0.0
2023-12-02T18:00,23.2,98,1008.1,97,17.4,52,0.0
2023-12-02T19:00,23.6,96,1007.9,100,21.9,45,0.0
2023-12-02T20:00,23.6,96,1008.0,98,22.5,32,0.0
2023-12-02T21:00,23.6,96,1008.1,64,24.5,33,0.0
2023-12-02T22:00,23.7,96,1008.8,33,21.1,30,0.0
2023-12-02T23:00,23.5,96,1009.8,62,12.9,27,0.0
2023-12-03T00:00,23.6,96,1009.3,88,28.3,27,0.0
2023-12-03T01:00,23.1,98,1011.6,100,7.6,301,0.2
2023-12-03T02:00,23.1,97,1010.9,99,5.7,288,0.1
2023-12-03T03:00,23.1,97,1009.7,100,7.5,35,0.0
2023-12-03T04:00,23.1,98,1008.7,100,20.9,29,0.0
2023-12-03T05:00,23.1,98,1008.2,100,22.7,15,0.0
2023-12-03T06:00,23.0,98,1008.5,100,12.3,3,0.0
2023-12-03T07:00,22.9,99,1009.4,100,8.6,195,0.0
2023-12-03T08:00,22.8,99,1009.9,37,8.4,160,0.0
2023-12-03T09:00,22.9,98,1010.4,100,6.1,130,0.0
2023-12-03T10:00,22.9,98,1010.6,100,3.9,56,0.0
2023-12-03T11:00,22.9,99,1010.7,100,3.2,360,0.0
2023-12-03T12:00,22.9,99,1011.2,97,1.1,270,0.0
2023-12-03T13:00,22.2,100,1010.7,100,7.6,155,0.0
2023-12-03T14:00,22.4,100,1010.4,100,6.9,141,0.0
2023-12-03T15:00,22.5,99,1010.3,100,7.3,169,0.0
2023-12-03T16:00,22.8,98,1010.0,100,7.2,186,0.0
2023-12-03T17:00,23.0,97,1009.3,98,4.9,144,0.0
2023-12-03T18:00,23.2,96,1009.3,98,2.9,187,0.0
2023-12-03T19:00,23.4,96,1009.3,95,5.2,164,0.0
2023-12-03T20:00,23.4,97,1010.0,100,8.6,195,0.0
2023-12-03T21:00,23.5,95,1010.5,100,14.0,198,0.0
2023-12-03T22:00,23.8,93,1011.1,100,15.7,200,0.1
2023-12-03T23:00,23.8,94,1012.0,100,19.4,211,0.0
2023-12-04T00:00,23.7,94,1013.2,100,19.7,218,0.1
2023-12-04T01:00,23.1,95,1013.9,100,20.6,227,0.2
2023-12-04T02:00,23.0,95,1013.9,96,19.6,221,0.3
2023-12-04T03:00,23.0,95,1013.9,100,21.1,226,0.1
2023-12-04T04:00,22.9,95,1013.3,100,22.9,226,0.1
2023-12-04T05:00,22.8,94,1012.2,100,19.6,221,0.0
2023-12-04T06:00,22.8,94,1012.1,100,16.9,236,0.2
2023-12-04T07:00,22.7,94,1012.4,100,20.8,236,0.3
2023-12-04T08:00,22.6,95,1012.8,100,23.5,241,0.6
2023-12-04T09:00,22.7,94,1013.3,100,25.5,227,0.5
2023-12-04T10:00,23.0,93,1014.0,100,25.7,200,0.3
2023-12-04T11:00,23.0,91,1014.7,72,29.3,186,0.1
2023-12-04T12:00,22.8,90,1015.2,55,32.1,176,0.1
2023-12-04T13:00,22.6,91,1015.2,100,36.1,171,0.5
2023-12-04T14:00,22.4,91,1015.5,100,39.1,165,0.4
2023-12-04T15:00,22.2,89,1015.7,98,39.3,164,0.3
2023-12-04T16:00,22.1,88,1015.8,100,40.1,162,0.0
2023-12-04T17:00,22.2,87,1015.7,100,40.9,152,0.0
2023-12-04T18:00,22.3,87,1015.8,100,37.2,152,0.0
2023-12-04T19:00,22.2,87,1015.9,100,38.5,150,0.0
2023-12-04T20:00,22.1,85,1015.8,100,40.5,147,0.0
2023-12-04T21:00,22.0,86,1016.3,100,39.5,144,0.0
2023-12-04T22:00,22.1,86,1017.0,100,36.3,141,0.1
2023-12-04T23:00,22.0,86,1017.7,100,34.4,136,0.4
2023-12-05T00:00,22.2,85,1018.8,100,33.7,132,0.7
2023-12-05T01:00,22.0,85,1020.0,100,32.4,138,0.9
2023-12-05T02:00,22.0,85,1019.8,100,32.6,137,1.1
2023-12-05T03:00,21.7,87,1019.8,100,31.1,136,0.6
2023-12-05T04:00,21.8,87,1019.3,100,29.3,135,0.5
2023-12-05T05:00,21.8,87,1018.8,100,28.0,132,0.4
2023-12-05T06:00,21.7,87,1018.6,100,27.0,132,0.3
2023-12-05T07:00,21.6,87,1018.7,100,27.8,130,0.5
2023-12-05T08:00,21.5,88,1018.8,100,28.6,131,0.7
2023-12-05T09:00,21.6,87,1019.2,100,29.6,127,1.6
2023-12-05T10:00,21.6,87,1019.6,100,28.6,121,1.0
2023-12-05T11:00,21.5,88,1019.8,100,30.0,123,1.1
2023-12-05T12:00,21.6,88,1020.0,100,30.6,122,0.5
2023-12-05T13:00,21.8,87,1020.5,100,33.4,123,0.3
2023-12-05T14:00,22.0,85,1020.5,100,33.3,118,0.2
2023-12-05T15:00,22.1,84,1020.2,100,32.0,111,0.1
2023-12-05T16:00,22.2,84,1019.8,100,31.7,109,0.1
2023-12-05T17:00,22.2,85,1019.2,100,30.0,104,0.0
2023-12-05T18:00,22.5,84,1018.5,63,28.9,100,0.0
2023-12-05T19:00,22.5,84,1017.4,56,29.0,96,0.0
2023-12-05T20:00,22.5,83,1016.9,80,31.7,93,0.0
2023-12-05T21:00,22.5,84,1016.8,100,31.7,90,0.0
2023-12-05T22:00,22.6,84,1016.8,100,31.4,85,0.0
2023-12-05T23:00,22.9,84,1017.2,100,29.7,79,0.0
2023-12-06T00:00,22.9,85,1017.7,100,28.6,76,0.0
2023-12-06T01:00,23.0,87,1018.3,100,24.8,89,0.2
2023-12-06T02:00,23.0,88,1018.0,100,22.7,89,0.2
2023-12-06T03:00,23.0,89,1017.5,100,21.0,83,0.2
2023-12-06T04:00,23.2,89,1016.4,100,24.0,77,0.0
2023-12-06T05:00,23.2,90,1015.5,100,27.5,68,0.0
2023-12-06T06:00,23.1,92,1015.0,100,24.8,57,0.0
2023-12-06T07:00,23.1,93,1014.6,100,21.9,45,0.6
2023-12-06T08:00,23.1,94,1014.5,100,20.8,37,0.1
2023-12-06T09:00,23.2,94,1014.7,100,19.5,39,0.1
2023-12-06T10:00,23.3,94,1014.9,100,20.4,36,0.0
2023-12-06T11:00,23.2,94,1015.0,100,20.6,29,0.0
2023-12-06T12:00,23.2,95,1014.9,99,21.6,28,0.0
2023-12-06T13:00,23.2,96,1014.6,18,23.2,33,0.0
2023-12-06T14:00,23.4,96,1013.8,49,26.1,38,0.0
2023-12-06T15:00,23.5,95,1012.9,64,28.6,42,0.0
2023-12-06T16:00,23.8,94,1011.7,59,33.7,41,0.0
2023-12-06T17:00,23.9,94,1010.8,31,33.9,42,0.0
2023-12-06T18:00,24.1,93,1010.0,46,32.8,44,0.0
2023-12-06T19:00,24.1,93,1009.3,94,34.1,46,0.0
2023-12-06T20:00,24.1,93,1009.1,99,30.6,47,0.0
2023-12-06T21:00,24.2,93,1009.2,100,30.7,39,0.0
2023-12-06T22:00,24.1,93,1009.5,100,30.7,34,0.0
2023-12-06T23:00,24.2,93,1010.2,100,29.6,27,0.3
2023-12-07T00:00,24.3,93,1009.8,100,34.9,26,0.9
2023-12-07T01:00,23.8,94,1010.2,100,27.4,14,0.0
2023-12-07T02:00,23.7,95,1010.2,100,26.4,5,0.0
2023-12-07T03:00,23.6,95,1009.0,100,25.8,15,0.0
2023-12-07T04:00,23.6,95,1008.1,100,25.5,9,0.0
2023-12-07T05:00,23.5,95,1007.1,99,21.3,2,0.0
2023-12-07T06:00,23.5,95,1006.2,100,19.9,4,0.0
2023-12-07T07:00,23.5,95,1005.8,100,19.1,360,0.0
2023-12-07T08:00,23.6,93,1005.6,96,17.8,8,0.0
2023-12-07T09:00,23.5,93,1006.4,80,10.5,4,0.0
2023-12-07T10:00,23.5,92,1007.4,44,7.1,240,0.0
2023-12-07T11:00,24.0,89,1008.2,57,12.9,216,0.0
2023-12-07T12:00,23.5,93,1008.7,81,14.8,181,0.0
2023-12-07T13:00,24.5,90,1008.2,100,12.4,197,0.0
2023-12-07T14:00,24.5,89,1008.5,100,12.3,185,0.0
2023-12-07T15:00,24.5,91,1008.6,99,18.9,166,0.0
2023-12-07T16:00,24.7,90,1008.6,100,24.1,153,0.0
2023-12-07T17:00,24.6,90,1009.1,100,22.0,175,0.5
2023-12-07T18:00,24.2,92,1009.3,100,16.4,206,1.7
2023-12-07T19:00,24.0,92,1009.8,100,18.5,204,3.9
2023-12-07T20:00,24.1,89,1008.9,100,13.7,183,0.6
2023-12-07T21:00,24.0,90,1009.2,100,7.5,197,0.1
2023-12-07T22:00,23.9,91,1010.0,100,3.5,204,0.2
2023-12-07T23:00,23.6,93,1010.1,100,2.4,243,0.5
2023-12-08T00:00,23.5,94,1010.2,100,4.8,333,0.5
2023-12-08T01:00,23.0,90,1012.5,100,27.0,190,0.1
2023-12-08T02:00,22.9,90,1012.7,100,21.8,231,2.9
2023-12-08T03:00,22.9,91,1013.1,100,29.5,231,3.4
2023-12-08T04:00,22.8,81,1013.0,100,36.2,223,1.8
2023-12-08T05:00,22.4,82,1012.8,100,44.5,219,0.3
2023-12-08T06:00,22.2,79,1013.1,100,43.8,219,0.0
2023-12-08T07:00,22.0,79,1013.6,100,43.7,220,0.0
2023-12-08T08:00,22.0,76,1014.3,100,42.3,223,0.0
2023-12-08T09:00,22.1,74,1015.2,100,42.6,221,0.0
2023-12-08T10:00,22.0,74,1015.9,100,44.8,217,0.0
2023-12-08T11:00,22.1,71,1016.6,100,46.3,215,0.0
2023-12-08T12:00,21.5,75,1017.0,48,46.2,211,0.0
2023-12-08T13:00,21.5,76,1017.8,76,48.3,211,0.0
2023-12-08T14:00,21.2,76,1018.0,56,44.9,205,0.0
2023-12-08T15:00,21.5,73,1018.2,23,44.1,205,0.0
2023-12-08T16:00,21.8,67,1018.1,9,41.8,203,0.0
2023-12-08T17:00,22.1,64,1017.8,32,40.9,201,0.0
2023-12-08T18:00,22.1,65,1017.5,21,39.8,201,0.0
2023-12-08T19:00,22.0,67,1017.2,1,39.2,195,0.0
2023-12-08T20:00,22.1,66,1017.0,0,36.1,189,0.0
2023-12-08T21:00,22.1,66,1017.4,1,34.4,186,0.0
2023-12-08T22:00,22.0,68,1017.6,13,33.7,186,0.0
2023-12-08T23:00,21.9,68,1018.3,21,31.4,185,0.0
2023-12-09T00:00,21.9,67,1019.0,26,28.9,185,0.0
2023-12-09T01:00,22.0,62,1019.6,15,23.0,181,0.0
2023-12-09T02:00,22.1,60,1019.3,2,19.4,190,0.0
2023-12-09T03:00,22.0,59,1018.9,42,18.8,192,0.0
2023-12-09T04:00,20.8,72,1018.4,39,18.4,181,0.0
2023-12-09T05:00,19.9,79,1017.9,46,16.6,181,0.5
2023-12-09T06:00,19.5,81,1017.7,33,14.8,179,0.3
2023-12-09T07:00,19.6,80,1017.5,14,10.8,178,0.0
2023-12-09T08:00,19.6,80,1017.6,19,10.8,184,0.1
2023-12-09T09:00,19.8,78,1018.3,10,8.9,194,0.0
2023-12-09T10:00,20.0,77,1018.9,27,6.9,208,0.0
2023-12-09T11:00,20.0,76,1019.5,35,5.5,203,0.0
2023-12-09T12:00,20.0,76,1020.0,42,5.4,184,0.1
2023-12-09T13:00,20.7,73,1020.6,44,10.2,129,0.0
2023-12-09T14:00,21.0,71,1020.5,84,13.7,117,0.0
2023-12-09T15:00,21.3,70,1020.5,97,16.9,110,0.0
2023-12-09T16:00,21.6,69,1020.1,76,18.8,102,0.0
2023-12-09T17:00,21.8,68,1019.7,46,20.6,96,0.0
2023-12-09T18:00,22.0,66,1019.2,44,20.9,92,0.0
2023-12-09T19:00,22.3,65,1018.7,57,21.3,84,0.0
2023-12-09T20:00,22.4,66,1018.0,96,23.3,77,0.0
2023-12-09T21:00,22.3,67,1017.8,100,24.1,70,0.0
2023-12-09T22:00,22.2,68,1017.9,100,27.1,67,0.0
2023-12-09T23:00,22.1,70,1018.8,100,28.2,63,0.0
2023-12-10T00:00,22.1,71,1019.4,100,29.2,60,0.0
2023-12-10T01:00,21.8,72,1020.6,81,29.3,58,0.0
2023-12-10T02:00,21.5,75,1020.1,79,30.9,61,0.2
2023-12-10T03:00,22.0,71,1019.6,100,30.4,56,0.0
2023-12-10T04:00,22.1,69,1018.8,100,31.4,48,0.0
2023-12-10T05:00,22.2,69,1017.7,100,32.9,42,0.0
2023-12-10T06:00,22.2,69,1017.1,100,33.8,36,0.0
2023-12-10T07:00,22.0,71,1016.8,94,30.9,32,0.0
2023-12-10T08:00,22.1,70,1016.8,84,30.2,31,0.0
2023-12-10T09:00,22.2,70,1017.3,97,26.4,28,0.0
2023-12-10T10:00,22.0,72,1017.7,100,26.9,26,1.1
2023-12-10T11:00,22.1,73,1017.5,100,31.4,30,0.7
2023-12-10T12:00,22.2,73,1017.3,100,33.5,33,0.0
2023-12-10T13:00,21.5,79,1017.0,100,36.2,38,0.1
2023-12-10T14:00,21.6,78,1016.9,100,37.2,38,0.0
2023-12-10T15:00,22.0,78,1016.3,100,37.9,39,0.0
2023-12-10T16:00,22.0,79,1015.6,100,40.8,35,0.0
2023-12-10T17:00,22.1,80,1015.0,100,38.7,32,0.1
2023-12-10T18:00,22.1,80,1014.5,100,38.8,34,0.1
2023-12-10T19:00,22.2,81,1013.7,100,38.7,39,0.2
2023-12-10T20:00,22.1,82,1012.9,99,39.8,41,0.8
2023-12-10T21:00,22.0,83,1013.1,100,35.4,47,2.1
2023-12-10T22:00,21.9,84,1013.1,100,38.2,48,2.5
2023-12-10T23:00,22.0,83,1013.3,100,38.9,51,0.3
2023-12-11T00:00,21.9,84,1014.0,100,38.3,53,1.2
2023-12-11T01:00,21.4,86,1014.4,100,35.3,60,8.5
2023-12-11T02:00,21.1,85,1014.5,100,34.3,62,3.6
2023-12-11T03:00,21.3,83,1014.3,100,31.1,60,1.1
2023-12-11T04:00,21.0,85,1014.1,100,31.0,54,0.8
2023-12-11T05:00,21.0,82,1013.4,100,30.5,57,0.1
2023-12-11T06:00,21.0,80,1013.1,100,26.6,54,0.0
2023-12-11T07:00,21.2,80,1013.0,100,24.1,51,0.0
2023-12-11T08:00,21.4,80,1013.2,99,22.9,53,0.0
2023-12-11T09:00,21.5,78,1013.8,49,19.5,56,0.0
2023-12-11T10:00,21.5,79,1014.5,58,16.0,59,0.0
2023-12-11T11:00,21.6,79,1015.0,14,12.0,46,0.0
2023-12-11T12:00,21.8,79,1015.5,11,9.2,51,0.0
2023-12-11T13:00,22.6,69,1016.2,100,10.1,63,0.0
2023-12-11T14:00,22.5,71,1016.1,76,12.3,58,0.0
2023-12-11T15:00,22.5,72,1015.7,56,12.9,67,0.0
2023-12-11T16:00,22.6,72,1015.5,47,12.8,74,0.0
2023-12-11T17:00,22.7,73,1015.5,41,13.0,76,0.0
2023-12-11T18:00,22.8,73,1015.1,40,13.0,76,0.0
2023-12-11T19:00,23.1,71,1015.0,31,13.8,75,0.0
2023-12-11T20:00,23.5,69,1015.1,39,16.2,78,0.0
2023-12-11T21:00,23.6,69,1015.4,51,18.1,77,0.0
2023-12-11T22:00,23.5,70,1015.8,43,21.0,74,0.0
2023-12-11T23:00,23.5,70,1016.6,26,22.8,74,0.0
2023-12-12T00:00,23.4,70,1017.2,27,25.6,73,0.0
2023-12-12T01:00,23.0,72,1018.0,24,21.9,70,0.0
2023-12-12T02:00,23.1,70,1017.8,23,22.4,66,0.0
2023-12-12T03:00,23.0,70,1017.3,49,22.4,62,0.0
2023-12-12T04:00,22.9,71,1016.8,34,22.4,60,0.0
2023-12-12T05:00,22.8,72,1016.4,7,22.3,56,0.0
2023-12-12T06:00,22.7,70,1016.0,3,20.2,50,0.0
2023-12-12T07:00,22.8,69,1016.2,12,17.6,41,0.0
2023-12-12T08:00,23.0,67,1017.0,50,15.8,27,0.0
2023-12-12T09:00,22.9,67,1017.9,61,13.9,10,0.0
2023-12-12T10:00,22.8,68,1018.8,21,10.4,2,0.0
2023-12-12T11:00,22.6,70,1019.4,0,8.4,353,0.0
2023-12-12T12:00,22.5,71,1019.9,0,7.6,357,0.0
2023-12-12T13:00,22.4,78,1020.2,6,12.9,60,0.0
2023-12-12T14:00,22.2,81,1019.9,0,17.1,62,0.0
2023-12-12T15:00,22.5,81,1019.4,0,21.2,72,0.0
2023-12-12T16:00,22.6,81,1018.7,2,24.7,69,0.0
2023-12-12T17:00,23.0,80,1018.3,6,27.2,61,0.0
2023-12-12T18:00,23.0,80,1017.4,4,28.8,58,0.0
2023-12-12T19:00,23.0,81,1016.8,5,31.4,56,0.0
2023-12-12T20:00,23.3,79,1016.3,5,32.1,49,0.0
2023-12-12T21:00,23.4,79,1016.1,11,34.2,40,0.0
2023-12-12T22:00,23.5,78,1016.1,19,35.4,38,0.0
2023-12-12T23:00,23.5,79,1016.4,12,36.0,35,0.0
2023-12-13T00:00,23.4,80,1016.7,23,36.2,31,0.0
2023-12-13T01:00,23.4,80,1016.9,23,35.5,30,0.0
2023-12-13T02:00,23.3,81,1016.6,21,37.2,27,0.0
2023-12-13T03:00,23.1,82,1016.0,30,38.0,26,0.0
2023-12-13T04:00,23.0,82,1015.4,30,39.3,24,0.0
2023-12-13T05:00,23.0,81,1014.8,34,39.8,21,0.0
2023-12-13T06:00,23.0,82,1014.5,14,37.0,22,0.0
2023-12-13T07:00,23.0,82,1014.5,24,36.7,21,0.0
2023-12-13T08:00,22.9,83,1014.2,1,36.3,23,0.0
2023-12-13T09:00,22.9,84,1014.2,0,35.8,24,0.0
2023-12-13T10:00,22.9,83,1014.7,0,34.8,21,0.0
2023-12-13T11:00,22.9,83,1015.2,0,33.0,25,0.0
2023-12-13T12:00,22.9,84,1015.0,10,34.1,31,0.0
2023-12-13T13:00,23.2,83,1014.4,0,35.6,30,0.0
2023-12-13T14:00,23.2,84,1013.8,2,38.5,33,0.0
2023-12-13T15:00,23.6,83,1013.1,95,37.7,38,0.0
2023-12-13T16:00,23.6,84,1012.5,55,38.2,43,0.0
2023-12-13T17:00,23.6,86,1011.9,16,38.2,43,0.0
2023-12-13T18:00,23.6,86,1011.7,63,38.7,39,0.0
2023-12-13T19:00,23.8,85,1011.1,99,40.9,37,0.0
2023-12-13T20:00,23.9,83,1010.8,100,42.7,33,0.0
2023-12-13T21:00,23.9,84,1010.9,100,45.3,30,0.0
2023-12-13T22:00,23.9,85,1011.1,100,46.4,28,0.0
2023-12-13T23:00,23.9,85,1011.6,100,46.4,25,0.0
2023-12-14T00:00,23.8,85,1011.8,100,46.3,23,0.0
2023-12-14T01:00,23.6,86,1012.5,100,46.1,23,0.0
2023-12-14T02:00,23.5,86,1012.1,100,49.1,25,0.0
2023-12-14T03:00,23.5,86,1010.9,81,51.4,24,0.0
2023-12-14T04:00,23.4,86,1010.2,100,51.3,21,0.0
2023-12-14T05:00,23.4,86,1009.9,98,49.8,20,0.0
2023-12-14T06:00,23.2,87,1010.7,100,43.6,13,0.0
2023-12-14T07:00,23.1,87,1011.0,99,41.0,18,0.0
2023-12-14T08:00,23.2,86,1011.0,70,42.4,18,0.0
2023-12-14T09:00,23.2,86,1011.3,36,41.1,17,0.0
2023-12-14T10:00,23.2,85,1011.9,88,38.5,21,0.0
2023-12-14T11:00,23.4,84,1012.1,78,37.6,23,0.0
2023-12-14T12:00,23.4,85,1011.9,71,39.6,27,0.0
2023-12-14T13:00,23.6,86,1011.3,100,43.0,28,0.0
2023-12-14T14:00,23.8,86,1011.2,100,41.3,29,0.0
2023-12-14T15:00,23.9,86,1011.1,100,42.2,32,0.0
2023-12-14T16:00,23.8,87,1010.3,100,44.4,33,0.0
2023-12-14T17:00,23.8,88,1009.7,100,42.4,33,0.0
2023-12-14T18:00,23.9,86,1009.2,100,43.1,35,0.0
2023-12-14T19:00,24.0,86,1009.1,100,41.8,33,0.0
2023-12-14T20:00,23.9,87,1009.0,100,42.4,33,0.0
2023-12-14T21:00,24.0,87,1009.4,100,41.8,31,0.0
2023-12-14T22:00,24.0,87,1009.8,100,39.8,30,0.0
2023-12-14T23:00,24.0,88,1010.7,100,38.1,31,0.0
2023-12-15T00:00,24.0,89,1011.2,100,37.6,30,0.0
2023-12-15T01:00,23.8,90,1012.0,99,30.5,29,0.0
2023-12-15T02:00,23.8,91,1011.0,100,39.4,34,0.0
2023-12-15T03:00,23.7,92,1010.6,100,41.6,35,0.0
2023-12-15T04:00,23.6,93,1010.5,97,40.4,32,0.0
2023-12-15T05:00,23.6,94,1010.4,100,41.1,32,0.0
2023-12-15T06:00,23.7,93,1010.7,94,39.5,28,0.0
2023-12-15T07:00,23.6,93,1011.4,86,37.4,25,0.0
2023-12-15T08:00,23.6,92,1011.9,2,35.4,27,0.0
2023-12-15T09:00,23.6,92,1012.7,1,33.2,29,0.0
2023-12-15T10:00,23.6,92,1013.2,9,32.9,32,0.0
2023-12-15T11:00,23.6,91,1013.3,0,33.3,31,0.0
2023-12-15T12:00,23.5,92,1013.2,3,34.2,33,0.0
2023-12-15T13:00,23.6,93,1012.3,100,35.5,37,0.0
2023-12-15T14:00,23.8,93,1012.2,100,37.7,38,0.0
2023-12-15T15:00,23.8,93,1012.3,22,37.6,39,0.0
2023-12-15T16:00,23.9,93,1011.8,99,38.8,40,0.0
2023-12-15T17:00,24.0,93,1011.6,100,38.7,43,0.0
2023-12-15T18:00,24.1,93,1011.2,100,39.8,41,0.0
2023-12-15T19:00,24.2,93,1011.1,100,38.9,40,0.0
2023-12-15T20:00,24.3,93,1011.2,100,38.2,38,0.0
2023-12-15T21:00,24.4,92,1011.9,100,36.5,37,0.0
2023-12-15T22:00,24.4,92,1012.6,100,36.2,37,0.0
2023-12-15T23:00,24.4,92,1013.3,100,35.4,35,0.0
2023-12-16T00:00,24.5,91,1013.8,100,37.1,36,0.0
2023-12-16T01:00,24.0,94,1013.9,100,32.4,37,0.1
2023-12-16T02:00,23.7,95,1015.7,100,24.1,360,0.2
2023-12-16T03:00,23.6,95,1014.9,100,23.0,10,0.2
2023-12-16T04:00,23.4,96,1013.6,100,22.7,23,0.4
2023-12-16T05:00,23.2,97,1013.2,100,21.9,25,0.2
2023-12-16T06:00,23.4,98,1012.7,99,29.0,35,0.0
2023-12-16T07:00,23.5,97,1012.6,100,31.0,31,0.0
2023-12-16T08:00,23.5,97,1012.5,100,32.7,30,0.0
2023-12-16T09:00,23.5,96,1012.8,85,33.1,31,0.0
2023-12-16T10:00,23.5,97,1013.5,99,31.7,32,0.0
2023-12-16T11:00,23.5,97,1014.0,95,32.8,33,0.0
2023-12-16T12:00,23.6,96,1014.4,100,33.4,37,0.0
2023-12-16T13:00,23.6,96,1014.6,100,29.5,39,0.0
2023-12-16T14:00,23.8,95,1014.5,100,32.1,43,0.0
2023-12-16T15:00,24.0,94,1013.9,100,34.4,45,0.0
2023-12-16T16:00,24.0,94,1013.6,100,36.7,47,0.0
2023-12-16T17:00,24.1,93,1013.0,100,37.7,47,0.0
2023-12-16T18:00,24.1,94,1012.4,100,39.3,41,0.0
2023-12-16T19:00,24.1,93,1011.7,53,38.7,39,0.0
2023-12-16T20:00,24.2,93,1011.5,18,37.4,36,0.0
2023-12-16T21:00,24.1,93,1011.7,9,35.5,37,0.0
2023-12-16T22:00,24.2,93,1012.2,52,34.4,37,0.0
2023-12-16T23:00,24.2,93,1012.8,99,34.8,36,0.0
2023-12-17T00:00,24.2,93,1013.1,100,36.6,36,0.0
2023-12-17T01:00,24.1,94,1012.2,96,42.3,34,0.0
2023-12-17T02:00,24.0,94,1011.7,39,42.9,32,0.0
2023-12-17T03:00,24.0,95,1011.2,38,43.2,33,0.0
2023-12-17T04:00,24.0,95,1010.7,2,42.0,34,0.0
2023-12-17T05:00,23.8,95,1010.3,23,42.3,36,0.0
2023-12-17T06:00,23.8,96,1010.2,4,41.2,36,0.0
2023-12-17T07:00,23.7,96,1010.1,22,40.3,37,0.0
2023-12-17T08:00,23.7,95,1010.6,1,40.0,36,0.0
2023-12-17T09:00,23.7,95,1011.0,2,39.8,33,0.0
2023-12-17T10:00,23.7,94,1011.4,1,39.2,30,0.0
2023-12-17T11:00,23.6,95,1011.6,7,39.0,30,0.0
2023-12-17T12:00,23.7,94,1012.2,2,39.7,34,0.0
2023-12-17T13:00,24.1,92,1013.0,0,39.0,38,0.0
2023-12-17T14:00,24.3,92,1012.6,0,41.2,40,0.0
2023-12-17T15:00,24.4,93,1011.9,0,42.6,41,0.0
2023-12-17T16:00,24.4,93,1011.1,0,43.6,41,0.0
2023-12-17T17:00,24.4,93,1010.6,0,43.3,43,0.0
2023-12-17T18:00,24.4,94,1009.9,0,43.4,40,0.0
2023-12-17T19:00,24.4,94,1009.5,29,41.9,39,0.0
2023-12-17T20:00,24.5,93,1008.9,70,42.1,37,0.0
2023-12-17T21:00,24.4,93,1008.9,92,41.6,35,0.0
2023-12-17T22:00,24.4,93,1009.1,27,40.8,35,0.0
2023-12-17T23:00,24.5,93,1009.7,93,40.7,31,0.0
2023-12-18T00:00,24.5,92,1010.2,100,40.9,27,0.0
2023-12-18T01:00,24.1,93,1010.5,100,35.3,29,0.0
2023-12-18T02:00,24.0,94,1010.6,100,35.0,34,0.0
2023-12-18T03:00,24.0,94,1010.7,100,37.1,39,0.0
2023-12-18T04:00,24.0,94,1010.7,97,38.9,36,0.0
2023-12-18T05:00,24.0,94,1010.5,100,39.9,34,0.0
2023-12-18T06:00,24.0,93,1010.1,100,40.4,31,0.0
2023-12-18T07:00,24.0,93,1010.0,49,39.5,29,0.0
2023-12-18T08:00,24.0,93,1009.7,41,40.0,29,0.0
2023-12-18T09:00,24.0,93,1009.6,5,39.5,28,0.0
2023-12-18T10:00,23.9,93,1009.8,4,38.5,25,0.0
2023-12-18T11:00,24.0,92,1009.9,8,38.2,26,0.0
2023-12-18T12:00,23.9,93,1010.0,8,38.4,30,0.0
2023-12-18T13:00,23.6,92,1009.5,0,40.7,31,0.0
2023-12-18T14:00,23.6,92,1009.3,0,40.4,34,0.0
2023-12-18T15:00,23.8,90,1009.2,0,39.7,39,0.0
2023-12-18T16:00,23.9,90,1008.8,14,40.5,42,0.0
2023-12-18T17:00,24.0,90,1008.6,0,41.2,44,0.0
2023-12-18T18:00,24.1,90,1008.3,0,43.0,45,0.0
2023-12-18T19:00,24.0,90,1007.8,53,43.1,43,0.0
2023-12-18T20:00,24.0,90,1007.9,75,40.3,41,0.0
2023-12-18T21:00,24.0,91,1008.6,70,38.5,38,0.0
2023-12-18T22:00,24.0,90,1009.3,97,39.1,37,0.0
2023-12-18T23:00,24.0,90,1009.4,89,40.0,38,0.0
2023-12-19T00:00,24.0,89,1009.8,100,39.5,36,0.0
2023-12-19T01:00,23.6,92,1010.4,100,40.3,32,0.0
2023-12-19T02:00,23.6,92,1010.6,100,38.0,28,0.0
2023-12-19T03:00,23.5,92,1010.7,100,37.2,30,0.0
2023-12-19T04:00,23.5,92,1010.2,100,37.4,30,0.0
2023-12-19T05:00,23.4,93,1009.4,100,38.8,29,0.0
2023-12-19T06:00,23.4,93,1008.8,100,39.2,29,0.0
2023-12-19T07:00,23.3,93,1008.1,100,39.3,28,0.0
2023-12-19T08:00,23.2,93,1008.2,92,38.2,28,0.0
2023-12-19T09:00,23.3,92,1008.9,100,37.0,27,0.0
2023-12-19T10:00,23.3,92,1009.7,100,33.6,26,0.0
2023-12-19T11:00,23.2,92,1010.2,99,32.7,28,0.0
2023-12-19T12:00,23.3,92,1010.5,90,32.7,32,0.0
2023-12-19T13:00,23.5,92,1010.8,100,31.8,38,0.0
2023-12-19T14:00,23.7,90,1010.7,100,32.7,41,0.0
2023-12-19T15:00,23.9,89,1010.3,100,33.1,46,0.0
2023-12-19T16:00,23.9,89,1010.2,85,33.5,50,0.0
2023-12-19T17:00,24.0,89,1009.9,10,33.7,49,0.0
2023-12-19T18:00,24.0,89,1009.4,1,32.1,46,0.0
2023-12-19T19:00,24.0,89,1009.0,11,31.8,47,0.0
2023-12-19T20:00,24.0,89,1008.9,18,29.1,49,0.0
2023-12-19T21:00,24.0,89,1009.4,49,25.9,51,0.0
2023-12-19T22:00,23.9,89,1009.9,9,25.2,53,0.0
2023-12-19T23:00,23.9,89,1010.7,37,24.5,57,0.0
2023-12-20T00:00,23.9,89,1011.9,31,22.7,57,0.0
2023-12-20T01:00,23.2,92,1012.9,14,18.5,66,0.0
2023-12-20T02:00,23.0,92,1013.1,18,18.2,60,0.1
2023-12-20T03:00,22.8,93,1013.1,95,16.3,49,0.1
2023-12-20T04:00,22.6,94,1012.8,21,14.8,43,0.1
2023-12-20T05:00,22.5,94,1012.3,22,15.9,33,0.2
2023-12-20T06:00,22.2,94,1012.2,25,14.4,22,0.0
2023-12-20T07:00,22.1,93,1012.2,41,12.1,17,0.0
2023-12-20T08:00,22.1,94,1012.3,46,11.8,20,0.0
2023-12-20T09:00,22.0,94,1013.0,37,11.3,17,0.0
2023-12-20T10:00,22.0,94,1013.5,18,9.2,21,0.0
2023-12-20T11:00,22.0,94,1014.2,16,8.2,38,0.0
2023-12-20T12:00,22.0,94,1014.4,15,8.4,47,0.0
2023-12-20T13:00,23.0,91,1014.8,18,12.7,47,0.0
2023-12-20T14:00,23.5,86,1014.8,25,18.9,50,0.0
2023-12-20T15:00,23.8,84,1015.1,95,19.7,55,0.0
2023-12-20T16:00,23.9,83,1014.7,30,20.8,62,0.0
2023-12-20T17:00,24.1,81,1014.4,15,23.3,70,0.0
2023-12-20T18:00,24.2,79,1014.0,6,26.0,71,0.0
2023-12-20T19:00,24.1,80,1013.8,16,24.1,70,0.0
2023-12-20T20:00,24.2,79,1013.5,19,22.5,70,0.0
2023-12-20T21:00,24.2,78,1013.6,22,23.7,70,0.0
2023-12-20T22:00,23.9,83,1013.8,9,27.9,73,0.0
2023-12-20T23:00,23.8,83,1014.6,30,23.9,67,0.0
2023-12-21T00:00,23.6,84,1015.1,15,23.5,65,0.0
2023-12-21T01:00,23.6,85,1015.7,79,25.5,67,0.0
2023-12-21T02:00,23.5,86,1015.9,11,23.5,65,0.0
2023-12-21T03:00,23.4,86,1015.3,9,21.7,61,0.0
2023-12-21T04:00,23.3,87,1014.7,14,21.3,51,0.0
2023-12-21T05:00,23.0,89,1014.2,29,20.2,39,0.1
2023-12-21T06:00,22.8,91,1013.9,41,20.0,26,0.1
2023-12-21T07:00,22.6,89,1013.7,62,22.1,19,0.1
2023-12-21T08:00,22.7,89,1013.8,99,19.6,13,0.0
2023-12-21T09:00,22.6,90,1014.2,54,18.9,14,0.0
2023-12-21T10:00,22.6,90,1014.6,48,16.4,26,0.0
2023-12-21T11:00,22.6,90,1014.9,89,15.6,38,0.0
2023-12-21T12:00,22.7,90,1014.9,77,17.1,41,0.0
2023-12-21T13:00,22.7,92,1015.1,17,17.7,39,0.0
2023-12-21T14:00,22.9,91,1014.9,10,19.9,49,0.0
2023-12-21T15:00,23.1,90,1014.5,13,21.1,47,0.0
2023-12-21T16:00,23.5,89,1014.0,19,24.0,47,0.0
2023-12-21T17:00,23.6,88,1013.2,26,25.7,47,0.0
2023-12-21T18:00,23.9,88,1012.7,37,26.5,47,0.0
2023-12-21T19:00,24.0,88,1012.3,29,27.8,42,0.0
2023-12-21T20:00,24.0,88,1012.0,20,26.5,43,0.0
2023-12-21T21:00,24.1,87,1011.6,15,26.4,39,0.0
2023-12-21T22:00,24.2,86,1011.5,11,28.0,35,0.0
2023-12-21T23:00,24.2,86,1011.7,10,29.4,31,0.0
2023-12-22T00:00,24.3,86,1012.4,2,30.1,29,0.0
2023-12-22T01:00,24.0,88,1013.5,5,28.0,35,0.0
2023-12-22T02:00,23.9,88,1013.5,3,28.9,31,0.0
2023-12-22T03:00,23.8,89,1012.7,0,30.8,30,0.0
2023-12-22T04:00,23.7,90,1012.1,1,30.9,28,0.0
2023-12-22T05:00,23.6,90,1011.5,0,31.4,25,0.0
2023-12-22T06:00,23.6,90,1011.1,0,31.3,24,0.0
2023-12-22T07:00,23.5,91,1010.8,0,29.9,22,0.0
2023-12-22T08:00,23.5,91,1010.7,0,28.9,23,0.0
2023-12-22T09:00,23.4,92,1010.9,0,27.5,22,0.0
2023-12-22T10:00,23.3,92,1011.3,0,25.2,22,0.0
2023-12-22T11:00,23.2,92,1011.6,0,22.8,21,0.0
2023-12-22T12:00,23.0,93,1011.8,0,19.7,24,0.0
2023-12-22T13:00,22.2,94,1012.1,1,16.3,31,0.0
2023-12-22T14:00,21.9,95,1012.0,3,15.5,42,0.0
2023-12-22T15:00,21.9,96,1011.6,10,15.0,46,0.0
2023-12-22T16:00,22.4,95,1011.5,64,13.6,40,0.0
2023-12-22T17:00,22.4,96,1011.0,24,8.9,47,0.0
2023-12-22T18:00,22.6,97,1011.1,61,5.6,40,0.0
2023-12-22T19:00,23.0,96,1010.6,63,2.9,7,0.0
2023-12-22T20:00,22.8,95,1010.6,96,5.1,262,0.0
2023-12-22T21:00,23.4,87,1010.1,89,10.0,218,0.0
2023-12-22T22:00,23.8,86,1010.4,58,16.7,217,0.0
2023-12-22T23:00,23.6,88,1011.2,100,19.9,215,0.0
2023-12-23T00:00,23.3,91,1012.2,100,18.7,220,0.0
2023-12-23T01:00,22.2,92,1012.8,100,16.0,211,0.0
2023-12-23T02:00,22.1,93,1013.2,100,13.0,204,0.0
2023-12-23T03:00,21.7,95,1013.0,100,6.3,204,0.0
2023-12-23T04:00,21.5,96,1012.8,100,5.0,159,0.4
2023-12-23T05:00,21.4,97,1011.6,100,11.5,129,0.5
2023-12-23T06:00,21.1,98,1011.4,100,5.2,115,0.1
2023-12-23T07:00,21.0,98,1011.3,100,4.7,94,0.0
2023-12-23T08:00,21.6,96,1010.9,100,19.3,33,0.5
2023-12-23T09:00,22.0,94,1010.9,98,23.0,40,0.0
2023-12-23T10:00,22.5,92,1011.1,100,20.1,36,0.0
2023-12-23T11:00,22.5,94,1011.5,100,15.6,29,0.0
2023-12-23T12:00,22.4,96,1011.8,100,12.7,35,0.0
2023-12-23T13:00,22.9,92,1011.3,100,16.8,31,0.0
2023-12-23T14:00,22.8,92,1011.7,100,12.4,36,0.0
2023-12-23T15:00,22.8,92,1011.4,100,7.0,21,0.0
2023-12-23T16:00,24.8,81,1010.7,91,3.1,54,0.0
2023-12-23T17:00,23.5,87,1009.9,100,13.7,60,0.0
2023-12-23T18:00,23.2,90,1009.7,100,11.0,49,0.0
2023-12-23T19:00,23.8,88,1009.1,24,2.8,40,0.0
2023-12-23T20:00,23.0,92,1009.2,90,7.9,223,0.1
2023-12-23T21:00,23.1,89,1009.4,100,9.0,233,0.0
2023-12-23T22:00,22.8,90,1009.5,81,6.5,183,0.0
2023-12-23T23:00,22.6,92,1010.4,100,5.9,194,0.0
2023-12-24T00:00,22.5,93,1011.4,30,6.6,229,0.0
2023-12-24T01:00,22.8,85,1012.5,27,20.1,237,0.1
2023-12-24T02:00,22.5,87,1012.5,17,16.2,233,0.0
2023-12-24T03:00,22.5,88,1012.4,23,16.3,248,0.0
2023-12-24T04:00,22.4,89,1011.3,0,14.6,254,0.0
2023-12-24T05:00,22.2,90,1010.7,0,11.4,242,0.0
2023-12-24T06:00,22.2,91,1010.7,1,10.8,240,0.0
2023-12-24T07:00,22.1,92,1010.6,0,11.2,228,0.0
2023-12-24T08:00,22.1,92,1011.2,1,14.3,214,0.0
2023-12-24T09:00,22.0,93,1012.1,0,15.3,219,0.0
2023-12-24T10:00,22.0,94,1012.5,0,14.5,226,0.0
2023-12-24T11:00,22.0,95,1013.1,3,15.2,216,0.0
2023-12-24T12:00,22.0,96,1012.9,1,13.6,212,0.0
2023-12-24T13:00,22.9,95,1013.5,17,15.6,218,0.0
2023-12-24T14:00,22.8,96,1013.3,18,18.5,209,0.0
2023-12-24T15:00,22.6,96,1012.6,25,20.2,202,0.0
2023-12-24T16:00,22.8,95,1011.7,37,17.5,188,0.0
2023-12-24T17:00,23.1,93,1011.2,9,15.7,189,0.0
2023-12-24T18:00,23.5,92,1011.2,35,14.6,190,0.0
2023-12-24T19:00,23.5,91,1011.3,23,14.7,191,0.0
2023-12-24T20:00,23.8,90,1011.3,96,14.1,184,0.0
2023-12-24T21:00,23.8,90,1011.5,100,11.5,178,0.0
2023-12-24T22:00,23.7,90,1012.6,93,9.7,184,0.0
2023-12-24T23:00,23.4,92,1013.5,100,5.9,223,0.0
2023-12-25T00:00,23.3,92,1013.5,99,3.6,217,0.0
2023-12-25T01:00,22.7,94,1013.4,19,8.0,243,0.0
2023-12-25T02:00,22.5,95,1013.4,84,7.2,252,0.0
2023-12-25T03:00,22.4,96,1012.3,100,7.7,217,0.0
2023-12-25T04:00,22.0,96,1011.1,90,6.8,180,0.0
2023-12-25T05:00,21.8,98,1010.5,8,9.6,167,0.0
2023-12-25T06:00,21.8,98,1010.2,9,5.9,169,0.0
2023-12-25T07:00,21.8,98,1010.0,44,2.6,196,0.0
2023-12-25T08:00,21.9,97,1010.6,3,1.8,323,0.0
2023-12-25T09:00,22.0,97,1010.6,6,6.4,16,0.0
2023-12-25T10:00,22.2,96,1010.6,72,9.3,28,0.0
2023-12-25T11:00,22.2,96,1011.3,100,9.8,36,0.0
2023-12-25T12:00,22.2,96,1010.7,100,17.1,39,0.0
2023-12-25T13:00,22.3,97,1008.9,95,17.4,34,0.0
2023-12-25T14:00,22.8,96,1008.7,100,21.2,32,0.0
2023-12-25T15:00,23.7,91,1008.0,100,21.1,33,0.0
2023-12-25T16:00,23.9,89,1007.2,93,18.4,40,0.4
2023-12-25T17:00,24.0,89,1005.6,69,20.5,56,0.0
2023-12-25T18:00,24.4,87,1004.3,98,21.4,48,0.0
2023-12-25T19:00,24.3,88,1004.1,100,23.2,42,0.0
2023-12-25T20:00,23.8,93,1003.7,100,21.4,42,0.0
2023-12-25T21:00,23.8,93,1005.9,99,7.3,237,0.9
2023-12-25T22:00,23.3,96,1005.6,70,15.1,118,10.9
2023-12-25T23:00,23.1,98,1006.4,99,7.5,163,0.0
2023-12-26T00:00,23.6,92,1008.3,34,30.6,210,0.3
2023-12-26T01:00,23.5,82,1009.1,100,49.0,216,0.1
2023-12-26T02:00,23.1,81,1009.7,92,45.5,215,0.0
2023-12-26T03:00,22.9,80,1010.1,88,45.3,213,0.0
2023-12-26T04:00,22.4,82,1010.2,18,42.0,214,0.0
2023-12-26T05:00,22.1,80,1010.3,17,43.1,221,0.0
2023-12-26T06:00,22.1,77,1010.2,9,47.4,221,0.0
2023-12-26T07:00,22.1,71,1010.4,21,45.3,226,0.0
2023-12-26T08:00,22.0,69,1011.1,20,42.4,229,0.0
2023-12-26T09:00,21.9,66,1011.9,14,40.9,233,0.0
2023-12-26T10:00,21.8,64,1012.7,8,39.3,235,0.0
2023-12-26T11:00,21.7,62,1013.3,12,36.6,240,0.0
2023-12-26T12:00,21.7,62,1013.6,1,35.1,241,0.0
2023-12-26T13:00,21.8,64,1014.0,2,39.2,232,0.0
2023-12-26T14:00,22.1,63,1014.3,2,37.8,230,0.0
2023-12-26T15:00,22.3,63,1014.6,3,38.0,221,0.0
2023-12-26T16:00,22.2,67,1014.6,0,37.2,213,0.0
2023-12-26T17:00,22.1,72,1014.3,0,39.8,201,0.0
2023-12-26T18:00,22.4,71,1013.9,0,44.2,192,0.0
2023-12-26T19:00,22.6,71,1013.7,1,45.7,194,0.0
2023-12-26T20:00,22.6,68,1013.7,1,45.0,191,0.0
2023-12-26T21:00,22.6,68,1013.8,2,43.9,193,0.0
2023-12-26T22:00,22.6,68,1014.2,0,41.5,196,0.0
2023-12-26T23:00,22.6,67,1014.8,2,37.7,199,0.0
2023-12-27T00:00,22.7,66,1015.8,0,34.8,203,0.0
2023-12-27T01:00,22.9,63,1016.8,5,35.4,205,0.0
2023-12-27T02:00,22.6,66,1017.1,3,32.9,210,0.0
2023-12-27T03:00,22.4,68,1016.9,0,30.6,217,0.0
2023-12-27T04:00,22.0,70,1016.7,1,31.0,218,0.0
2023-12-27T05:00,21.9,70,1016.1,1,31.3,218,0.0
2023-12-27T06:00,21.5,72,1015.8,3,28.8,228,0.0
2023-12-27T07:00,21.1,75,1016.0,1,26.8,234,0.0
2023-12-27T08:00,20.9,76,1016.2,1,25.6,238,0.0
2023-12-27T09:00,20.5,78,1016.7,4,24.6,245,0.0
2023-12-27T10:00,20.7,77,1017.6,17,24.5,244,0.0
2023-12-27T11:00,20.8,76,1018.1,9,24.2,245,0.0
2023-12-27T12:00,21.1,75,1018.4,8,24.3,241,0.0
2023-12-27T13:00,21.2,73,1019.2,1,26.7,226,0.0
2023-12-27T14:00,21.4,72,1019.2,1,25.5,223,0.0
2023-12-27T15:00,21.4,73,1018.9,0,24.5,213,0.0
2023-12-27T16:00,21.5,73,1018.3,1,22.7,205,0.0
2023-12-27T17:00,21.9,72,1017.8,0,19.5,196,0.0
2023-12-27T18:00,22.0,70,1017.3,0,16.3,186,0.0
2023-12-27T19:00,22.1,69,1016.7,0,13.1,188,0.0
2023-12-27T20:00,22.1,71,1016.1,0,8.3,214,0.0
2023-12-27T21:00,22.1,72,1016.0,0,6.5,236,0.0
2023-12-27T22:00,22.2,72,1016.1,0,3.2,243,0.0
2023-12-27T23:00,22.4,72,1016.3,0,8.4,340,0.0
2023-12-28T00:00,22.5,65,1016.5,0,12.5,348,0.0
2023-12-28T01:00,23.0,66,1017.2,6,8.4,25,0.0
2023-12-28T02:00,23.3,62,1017.0,1,16.1,24,0.0
2023-12-28T03:00,23.1,64,1016.4,5,19.9,20,0.0
2023-12-28T04:00,22.7,67,1015.5,4,20.4,14,0.0
2023-12-28T05:00,22.4,71,1014.9,0,20.4,8,0.0
2023-12-28T06:00,22.3,72,1014.6,0,19.8,3,0.0
2023-12-28T07:00,22.3,71,1014.1,0,24.7,8,0.0
2023-12-28T08:00,22.8,69,1013.9,0,28.9,14,0.0
2023-12-28T09:00,22.6,72,1014.1,0,29.1,15,0.0
2023-12-28T10:00,22.5,76,1014.0,0,31.4,20,0.0
2023-12-28T11:00,22.6,78,1014.1,1,33.4,20,0.0
2023-12-28T12:00,23.0,77,1014.0,0,35.6,23,0.0
2023-12-28T13:00,23.7,79,1013.9,0,36.1,25,0.0
2023-12-28T14:00,24.0,80,1013.5,0,34.5,30,0.0
2023-12-28T15:00,24.1,81,1012.4,0,36.5,35,0.0
2023-12-28T16:00,24.2,83,1011.9,0,37.0,35,0.0
2023-12-28T17:00,24.2,85,1010.5,0,39.4,34,0.0
2023-12-28T18:00,24.4,86,1009.5,2,40.1,34,0.0
2023-12-28T19:00,24.6,85,1008.6,0,40.3,35,0.0
2023-12-28T20:00,24.8,84,1008.0,0,41.3,33,0.0
2023-12-28T21:00,24.9,84,1007.7,1,42.8,31,0.0
2023-12-28T22:00,24.9,83,1007.8,7,43.2,28,0.0
2023-12-28T23:00,25.0,83,1008.0,29,44.1,25,0.0
2023-12-29T00:00,25.0,83,1008.5,39,45.1,26,0.0
2023-12-29T01:00,24.7,85,1008.9,21,44.7,22,0.0
2023-12-29T02:00,24.6,85,1008.9,10,43.3,23,0.0
2023-12-29T03:00,24.5,86,1008.1,7,42.2,22,0.0
2023-12-29T04:00,24.3,87,1006.9,72,43.2,21,0.0
2023-12-29T05:00,24.3,86,1006.5,63,41.9,18,0.0
2023-12-29T06:00,24.4,86,1005.7,98,40.9,14,0.0
2023-12-29T07:00,24.2,86,1005.2,100,41.2,14,0.0
2023-12-29T08:00,24.1,87,1005.4,100,39.5,13,0.0
2023-12-29T09:00,24.1,87,1006.0,100,33.1,12,0.0
2023-12-29T10:00,24.0,89,1006.3,100,30.0,10,0.0
2023-12-29T11:00,23.8,89,1007.2,100,22.3,9,0.0
2023-12-29T12:00,23.7,90,1007.3,100,18.4,12,0.0
2023-12-29T13:00,23.5,92,1007.1,100,8.7,5,0.0
2023-12-29T14:00,23.8,89,1007.1,100,6.4,196,0.0
2023-12-29T15:00,24.3,82,1006.9,100,17.6,191,0.0
2023-12-29T16:00,24.6,80,1006.5,100,19.7,198,0.0
2023-12-29T17:00,25.5,76,1006.1,100,26.4,212,0.0
2023-12-29T18:00,25.3,79,1006.2,100,23.7,213,0.0
2023-12-29T19:00,24.8,84,1005.9,100,14.0,224,0.0
2023-12-29T20:00,25.6,76,1006.0,100,18.3,225,0.0
2023-12-29T21:00,24.6,81,1007.0,100,28.0,209,0.5
2023-12-29T22:00,24.7,81,1008.2,100,28.8,212,0.1
2023-12-29T23:00,23.8,88,1009.5,100,38.2,201,0.4
2023-12-30T00:00,23.6,85,1010.8,100,36.3,209,0.1
2023-12-30T01:00,23.3,87,1011.9,100,39.1,202,0.0
2023-12-30T02:00,23.2,85,1012.5,100,33.3,205,0.0
2023-12-30T03:00,23.1,84,1012.7,100,30.3,198,0.1
2023-12-30T04:00,23.2,82,1012.9,100,24.5,200,0.0
2023-12-30T05:00,23.1,82,1013.4,73,24.2,208,0.0
2023-12-30T06:00,22.8,81,1013.5,84,29.3,208,0.1
2023-12-30T07:00,22.5,79,1013.5,9,31.2,207,0.0
2023-12-30T08:00,22.5,77,1013.5,7,29.5,208,0.0
2023-12-30T09:00,22.4,75,1014.5,3,28.5,215,0.0
2023-12-30T10:00,22.3,73,1015.5,4,28.2,219,0.0
2023-12-30T11:00,22.2,73,1016.4,14,32.2,220,0.0
2023-12-30T12:00,21.8,77,1016.9,31,33.2,217,0.0
2023-12-30T13:00,21.6,78,1017.5,8,33.6,215,0.0
2023-12-30T14:00,21.4,77,1017.1,49,32.4,207,0.0
2023-12-30T15:00,21.4,69,1017.1,32,30.8,206,0.0
2023-12-30T16:00,21.5,67,1016.8,25,29.8,198,0.0
2023-12-30T17:00,21.6,71,1016.2,46,33.1,188,0.0
2023-12-30T18:00,21.8,73,1015.8,5,35.0,184,0.0
2023-12-30T19:00,21.8,73,1015.7,2,35.2,187,0.0
2023-12-30T20:00,21.6,72,1015.5,8,33.2,184,0.0
2023-12-30T21:00,21.8,68,1015.5,36,30.8,186,0.0
2023-12-30T22:00,21.8,67,1015.9,47,29.3,185,0.0
2023-12-30T23:00,21.8,65,1016.6,100,26.3,190,0.0
2023-12-31T00:00,22.0,62,1017.3,100,23.7,194,0.0
2023-12-31T01:00,21.5,65,1018.2,100,22.6,197,0.0
2023-12-31T02:00,21.5,63,1018.3,100,17.3,201,0.0
2023-12-31T03:00,21.5,63,1018.2,100,14.8,209,0.0
2023-12-31T04:00,21.3,63,1017.6,100,10.9,226,0.0
2023-12-31T05:00,21.1,64,1017.1,100,11.1,245,0.0
2023-12-31T06:00,20.9,66,1016.6,95,12.0,249,0.0
2023-12-31T07:00,20.7,67,1016.3,100,12.9,234,0.0
2023-12-31T08:00,20.6,68,1016.4,100,13.6,238,0.0
2023-12-31T09:00,20.6,69,1016.7,56,13.4,234,0.0
2023-12-31T10:00,20.7,69,1017.4,55,14.8,231,0.0
2023-12-31T11:00,20.5,72,1018.1,74,16.0,226,0.0
2023-12-31T12:00,20.5,74,1018.6,74,17.1,222,0.0
2023-12-31T13:00,19.6,79,1019.2,100,14.5,215,0.0
2023-12-31T14:00,19.8,78,1018.9,100,11.8,203,0.0
2023-12-31T15:00,20.2,78,1018.6,100,9.8,188,0.0
2023-12-31T16:00,20.9,78,1018.3,100,12.3,159,0.0
2023-12-31T17:00,21.5,74,1017.7,100,14.7,144,0.0
2023-12-31T18:00,21.8,72,1017.2,100,14.4,127,0.0
2023-12-31T19:00,22.0,72,1016.6,100,15.0,114,0.0
2023-12-31T20:00,22.4,71,1016.0,100,17.4,117,0.0
2023-12-31T21:00,22.5,70,1015.8,100,17.5,122,0.0
2023-12-31T22:00,22.5,71,1016.1,100,16.3,118,0.0
2023-12-31T23:00,22.5,75,1016.4,100,15.3,105,0.0
